train_loss: 0.546551072089247
train_mse: 0.5465510487556458
train_mae: 0.532833993434906
train_rmse: 0.7392908930778503
train_r2: 0.5880100727081299
val_loss: 0.5617357247016009
val_mse: 0.5723743438720703
val_mae: 0.547390341758728
val_rmse: 0.7565542459487915
val_r2: 0.5599101781845093
test_loss: 0.5606010433505563
test_mse: 0.554427444934845
test_mae: 0.534864604473114
test_rmse: 0.7445988655090332
test_r2: 0.604245662689209
min_lr: 1e-07
max_lr: 0.0001
total_time: 75.47767066955566
average_epoch_time: 0.7547731757164001
