train_loss: 0.6712925719429356
train_mse: 0.6712926030158997
train_mae: 0.6151090860366821
train_rmse: 0.8193244934082031
train_r2: 0.4939800500869751
val_loss: 0.6841891330022078
val_mse: 0.6865774393081665
val_mae: 0.6236656904220581
val_rmse: 0.8285996913909912
val_r2: 0.47210121154785156
test_loss: 0.6825860316936786
test_mse: 0.679799497127533
test_mae: 0.6186724305152893
test_rmse: 0.8244995474815369
test_r2: 0.5147541761398315
min_lr: 0.0008
max_lr: 0.2
total_time: 319.3736991882324
average_epoch_time: 3.193733022212982
