train_loss: 0.04002134157772893
train_accuracy: 0.9919122933141624
train_precision: 0.9919766611794744
train_recall: 0.9919122933141624
train_f1: 0.9919145438433834
val_loss: 0.04772799904458225
val_accuracy: 0.9884974838245866
val_precision: 0.9887194736658894
val_recall: 0.9884974838245866
val_f1: 0.988495945523981
test_loss: 0.03803401149343699
test_accuracy: 0.99137311286844
test_precision: 0.9914238608361315
test_recall: 0.99137311286844
test_f1: 0.9913733657334315
min_lr: 5e-05
max_lr: 0.003
total_time: 438.49873661994934
average_epoch_time: 4.384983007907867
