train_loss: 0.24946318497491438
train_mse: 0.24946318566799164
train_mae: 0.341164767742157
train_rmse: 0.49946290254592896
train_r2: 0.8119547963142395
val_loss: 0.27560820299036365
val_mse: 0.28126633167266846
val_mae: 0.3564182221889496
val_rmse: 0.5303454995155334
val_r2: 0.7837386727333069
test_loss: 0.2821646981379565
test_mse: 0.2844963073730469
test_mae: 0.36144670844078064
test_rmse: 0.5333819389343262
test_r2: 0.7969244718551636
min_lr: 1e-07
max_lr: 0.0008
total_time: 80.86996746063232
average_epoch_time: 0.8086959910392761
