train_loss: 1.3232184023589126
train_mse: 1.3232184648513794
train_mae: 0.9074185490608215
train_rmse: 1.1503123044967651
train_r2: 0.0025588274002075195
val_loss: 1.286379467524015
val_mse: 1.2894582748413086
val_mae: 0.8907980918884277
val_rmse: 1.1355431079864502
val_r2: 0.008555471897125244
test_loss: 1.4092636511876033
test_mse: 1.4059906005859375
test_mae: 0.9386986494064331
test_rmse: 1.1857447624206543
test_r2: -0.0036063194274902344
min_lr: 7e-06
max_lr: 0.01
total_time: 480.23730063438416
average_epoch_time: 4.8023694586753845
