train_loss: 0.271788023585497
train_mse: 0.27178800106048584
train_mae: 0.3429926633834839
train_rmse: 0.5213329195976257
train_r2: 0.7951263189315796
val_loss: 0.2734853537643657
val_mse: 0.2786327600479126
val_mae: 0.3620467483997345
val_rmse: 0.5278567671775818
val_r2: 0.7857635617256165
test_loss: 0.5951376303153879
test_mse: 0.6173402667045593
test_mae: 0.37997424602508545
test_rmse: 0.7857100367546082
test_r2: 0.5593380331993103
min_lr: 5e-05
max_lr: 0.002
total_time: 196.9140703678131
average_epoch_time: 1.969135706424713
