train_loss: 0.07053325087669701
train_accuracy: 0.9831056793673616
train_precision: 0.9832832120129622
train_recall: 0.9831056793673616
train_f1: 0.9830943191366457
val_loss: 0.083634027835532
val_accuracy: 0.9798705966930266
val_precision: 0.9802492449229753
val_recall: 0.9798705966930266
val_f1: 0.9799262308401185
test_loss: 0.06080185479632663
test_accuracy: 0.9849029475197699
test_precision: 0.9852043793699649
test_recall: 0.9849029475197699
test_f1: 0.9849210025294242
min_lr: 0.0001
max_lr: 0.005
total_time: 467.64218616485596
average_epoch_time: 4.676417269706726
