train_loss: 0.012914442120808386
train_accuracy: 0.9959561466570812
train_precision: 0.9959675982473595
train_recall: 0.9959561466570812
train_f1: 0.9959533176067209
val_loss: 0.03938612278513822
val_accuracy: 0.9942487419122933
val_precision: 0.9942624403156874
val_recall: 0.9942487419122933
val_f1: 0.994247828671521
test_loss: 0.021193000369624893
test_accuracy: 0.9935298346513299
test_precision: 0.993550622535382
test_recall: 0.9935298346513299
test_f1: 0.9935246168023902
min_lr: 1e-07
max_lr: 0.001
total_time: 254.57266497612
average_epoch_time: 2.5457208561897278
