train_loss: 0.024250932170637486
train_accuracy: 0.9930805176132279
train_precision: 0.9931001162881666
train_recall: 0.9930805176132279
train_f1: 0.9930763450840001
val_loss: 0.03841836131257217
val_accuracy: 0.99137311286844
val_precision: 0.9914073069944621
val_recall: 0.99137311286844
val_f1: 0.991360156750695
test_loss: 0.033905260866793636
test_accuracy: 0.9892163910855499
test_precision: 0.9893081727571797
test_recall: 0.9892163910855499
test_f1: 0.9892051930190447
min_lr: 0.0005
max_lr: 0.01
total_time: 268.11869621276855
average_epoch_time: 2.6811833143234254
