train_loss: 0.5277057165900866
train_mse: 0.527705729007721
train_mae: 0.5062742233276367
train_rmse: 0.7264335751533508
train_r2: 0.6022157669067383
val_loss: 0.5476177256840926
val_mse: 0.5494447350502014
val_mae: 0.5210871696472168
val_rmse: 0.7412453889846802
val_r2: 0.577540397644043
test_loss: 0.5252426268962713
test_mse: 0.5244616270065308
test_mae: 0.5093830823898315
test_rmse: 0.7241972088813782
test_r2: 0.6256355047225952
min_lr: 1e-07
max_lr: 0.005
total_time: 150.12349009513855
average_epoch_time: 1.5012309217453004
