train_loss: 0.3417253418024196
train_mse: 0.34172534942626953
train_mae: 0.4005773663520813
train_rmse: 0.5845727920532227
train_r2: 0.7424076795578003
val_loss: 0.3535163139595705
val_mse: 0.3625888228416443
val_mae: 0.4136403501033783
val_rmse: 0.602153480052948
val_r2: 0.7212110757827759
test_loss: 0.33046818305464354
test_mse: 0.334175705909729
test_mae: 0.3983045518398285
test_rmse: 0.578079342842102
test_r2: 0.761462926864624
min_lr: 3e-06
max_lr: 0.01
total_time: 73.47241497039795
average_epoch_time: 0.7347205686569214
