train_loss: 0.31925333357712093
train_mse: 0.3192533254623413
train_mae: 0.38414356112480164
train_rmse: 0.5650250911712646
train_r2: 0.7593470215797424
val_loss: 0.3171907030619108
val_mse: 0.3183622658252716
val_mae: 0.38635775446891785
val_rmse: 0.5642359852790833
val_r2: 0.7552161812782288
test_loss: 0.3031761789551148
test_mse: 0.30415475368499756
test_mae: 0.3806961476802826
test_rmse: 0.5515022873878479
test_r2: 0.782892107963562
min_lr: 1e-05
max_lr: 0.02
total_time: 412.8093385696411
average_epoch_time: 4.128088853359222
