train_loss: 0.0022217943600261587
train_accuracy: 0.9991912293314162
train_precision: 0.9991918765137809
train_recall: 0.9991912293314162
train_f1: 0.9991907942067935
val_loss: 0.07412708603541515
val_accuracy: 0.9877785765636233
val_precision: 0.9878205875017678
val_recall: 0.9877785765636233
val_f1: 0.9877456961477217
test_loss: 0.06336553616062122
test_accuracy: 0.9935298346513299
test_precision: 0.9935296888482359
test_recall: 0.9935298346513299
test_f1: 0.9935180147275559
min_lr: 1e-07
max_lr: 0.001
total_time: 281.8222632408142
average_epoch_time: 2.8182177758216858
