train_loss: 0.011827461106971813
train_accuracy: 0.9973939611790079
train_precision: 0.9974035249273063
train_recall: 0.9973939611790079
train_f1: 0.9973916780675455
val_loss: 0.020224217880075394
val_accuracy: 0.9964054636951833
val_precision: 0.9964261522531463
val_recall: 0.9964054636951833
val_f1: 0.9964056824748787
test_loss: 0.017575570767142133
test_accuracy: 0.9971243709561467
test_precision: 0.9971377681449016
test_recall: 0.9971243709561467
test_f1: 0.9971231728658086
min_lr: 0.0004
max_lr: 0.006
total_time: 266.25421690940857
average_epoch_time: 2.6625387692451477
