train_loss: 0.28303865650163373
train_mse: 0.2830386459827423
train_mae: 0.3634732663631439
train_rmse: 0.5320137739181519
train_r2: 0.7866456508636475
val_loss: 0.29791365288771116
val_mse: 0.2987740933895111
val_mae: 0.3719124495983124
val_rmse: 0.5466023087501526
val_r2: 0.770277202129364
test_loss: 0.2774375812365459
test_mse: 0.2785337567329407
test_mae: 0.3627161979675293
test_rmse: 0.5277629494667053
test_r2: 0.8011806011199951
min_lr: 1e-05
max_lr: 0.01
total_time: 518.24103307724
average_epoch_time: 5.182406034469604
