train_loss: 0.33004638981507267
train_mse: 0.3300463557243347
train_mae: 0.3961004316806793
train_rmse: 0.5744966268539429
train_r2: 0.7512112855911255
val_loss: 0.3351488566169372
val_mse: 0.33616745471954346
val_mae: 0.39999648928642273
val_rmse: 0.579799473285675
val_r2: 0.7415260076522827
test_loss: 0.3155524839575474
test_mse: 0.31653061509132385
test_mae: 0.38989925384521484
test_rmse: 0.5626105070114136
test_r2: 0.7740581631660461
min_lr: 0.0001
max_lr: 0.02
total_time: 362.702760219574
average_epoch_time: 3.6270228600502015
