train_loss: 0.8628183443301408
train_mse: 0.8628183603286743
train_mae: 0.713764488697052
train_rmse: 0.9288801550865173
train_r2: 0.34960806369781494
val_loss: 0.8744206497302422
val_mse: 0.8777101039886475
val_mae: 0.7187628746032715
val_rmse: 0.9368618130683899
val_r2: 0.3251422643661499
test_loss: 0.9603076490072103
test_mse: 0.9603416919708252
test_mae: 0.7510225772857666
test_rmse: 0.9799702763557434
test_r2: 0.3145011067390442
min_lr: 1e-07
max_lr: 0.0002
total_time: 132.59898495674133
average_epoch_time: 1.3259863948822022
