train_loss: 0.0034792928741839645
train_accuracy: 0.998921639108555
train_precision: 0.9989231111355233
train_recall: 0.998921639108555
train_f1: 0.9989213121931123
val_loss: 0.03692994972305479
val_accuracy: 0.9942487419122933
val_precision: 0.9942507816582223
val_recall: 0.9942487419122933
val_f1: 0.9942396945317515
test_loss: 0.05151299744780276
test_accuracy: 0.9949676491732566
test_precision: 0.9949985579553232
test_recall: 0.9949676491732566
test_f1: 0.99496894314382
min_lr: 1e-07
max_lr: 0.0008
total_time: 1218.6288578510284
average_epoch_time: 12.186283557415008
