train_loss: 0.9550854058921799
train_mse: 0.9550854563713074
train_mae: 0.7580951452255249
train_rmse: 0.9772847294807434
train_r2: 0.2800571918487549
val_loss: 0.9575789726697481
val_mse: 0.9604836106300354
val_mae: 0.7529878616333008
val_rmse: 0.9800426363945007
val_r2: 0.26149898767471313
test_loss: 1.0299383869537941
test_mse: 1.0267518758773804
test_mae: 0.7902849912643433
test_rmse: 1.0132876634597778
test_r2: 0.2670970559120178
min_lr: 1e-07
max_lr: 0.001
total_time: 146.22647666931152
average_epoch_time: 1.4622609829902649
