train_loss: 0.16989841837753622
train_mse: 0.16989842057228088
train_mae: 0.2908739447593689
train_rmse: 0.4121873676776886
train_r2: 0.8719306588172913
val_loss: 0.22805595485603108
val_mse: 0.2316024899482727
val_mae: 0.32207897305488586
val_rmse: 0.48125097155570984
val_r2: 0.8219244480133057
test_loss: 0.23316752297036789
test_mse: 0.23391856253147125
test_mae: 0.332843154668808
test_rmse: 0.4836512804031372
test_r2: 0.8330272436141968
min_lr: 5e-05
max_lr: 0.001
total_time: 208.7597188949585
average_epoch_time: 2.087593197822571
