train_loss: 0.37286533070222816
train_mse: 0.37286534905433655
train_mae: 0.43039482831954956
train_rmse: 0.6106269955635071
train_r2: 0.7189344167709351
val_loss: 0.3744131675133338
val_mse: 0.3756413757801056
val_mae: 0.43592748045921326
val_rmse: 0.6128959059715271
val_r2: 0.7111751437187195
test_loss: 0.3497284914438541
test_mse: 0.35032859444618225
test_mae: 0.4240889549255371
test_rmse: 0.5918856263160706
test_r2: 0.7499328851699829
min_lr: 0.0001
max_lr: 0.05
total_time: 115.73201441764832
average_epoch_time: 1.1573165106773375
