train_loss: 0.2206308405803538
train_accuracy: 0.9342199856218548
train_precision: 0.94115604336653
train_recall: 0.9342199856218548
train_f1: 0.9351212430840407
val_loss: 0.20479359867220576
val_accuracy: 0.9324227174694465
val_precision: 0.9395969323635647
val_recall: 0.9324227174694465
val_f1: 0.9334895904547661
test_loss: 0.1952687128531662
test_accuracy: 0.9388928828181164
test_precision: 0.9471817516347535
test_recall: 0.9388928828181164
test_f1: 0.9401678601242436
min_lr: 5e-05
max_lr: 0.02
total_time: 749.5656032562256
average_epoch_time: 7.495650222301483
