train_loss: 0.18635453117015058
train_mse: 0.18635453283786774
train_mae: 0.2885152995586395
train_rmse: 0.43168801069259644
train_r2: 0.8595260977745056
val_loss: 0.23129082339314314
val_mse: 0.23197150230407715
val_mae: 0.31153303384780884
val_rmse: 0.4816341996192932
val_r2: 0.8216407299041748
test_loss: 0.23553581260717832
test_mse: 0.23464301228523254
test_mae: 0.32265371084213257
test_rmse: 0.4843996465206146
test_r2: 0.8325101137161255
min_lr: 8e-06
max_lr: 0.002
total_time: 657.9897277355194
average_epoch_time: 6.579892702102661
