train_loss: 0.5629749119628308
train_mse: 0.5629749298095703
train_mae: 0.5625259280204773
train_rmse: 0.7503165602684021
train_r2: 0.5756298303604126
val_loss: 0.5719047122276746
val_mse: 0.5724754333496094
val_mae: 0.5735890865325928
val_rmse: 0.7566210627555847
val_r2: 0.5598324537277222
test_loss: 0.5330760740316831
test_mse: 0.532565712928772
test_mae: 0.54326331615448
test_rmse: 0.7297710180282593
test_r2: 0.619850754737854
min_lr: 2e-05
max_lr: 0.02
total_time: 285.95714020729065
average_epoch_time: 2.859567925930023
