train_loss: 0.19010423698513082
train_mse: 0.19010424613952637
train_mae: 0.2942565679550171
train_rmse: 0.4360094666481018
train_r2: 0.856699526309967
val_loss: 0.2252860801724287
val_mse: 0.22573222219944
val_mae: 0.3135184347629547
val_rmse: 0.4751128554344177
val_r2: 0.8264379501342773
test_loss: 0.24097070762744316
test_mse: 0.2395675778388977
test_mae: 0.32734426856040955
test_rmse: 0.4894564151763916
test_r2: 0.8289949297904968
min_lr: 1e-05
max_lr: 0.002
total_time: 650.0479102134705
average_epoch_time: 6.500474479198456
