train_loss: 0.560391649777113
train_mse: 0.5603916645050049
train_mae: 0.5373560786247253
train_rmse: 0.7485931515693665
train_r2: 0.5775771141052246
val_loss: 0.5863168547932919
val_mse: 0.5878645777702332
val_mae: 0.5523062348365784
val_rmse: 0.7667232751846313
val_r2: 0.5479999780654907
test_loss: 0.568868383535972
test_mse: 0.569144606590271
test_mae: 0.541220486164093
test_rmse: 0.7544167041778564
test_r2: 0.5937404632568359
min_lr: 1e-05
max_lr: 0.004
total_time: 483.9966719150543
average_epoch_time: 4.839963176250458
