train_loss: 0.2612200102862693
train_mse: 0.2612200379371643
train_mae: 0.3476751744747162
train_rmse: 0.5110968947410583
train_r2: 0.8030924797058105
val_loss: 0.2701248776454192
val_mse: 0.2706238031387329
val_mae: 0.3512909710407257
val_rmse: 0.5202151536941528
val_r2: 0.7919215559959412
test_loss: 0.26665534445872674
test_mse: 0.26739418506622314
test_mae: 0.3552049696445465
test_rmse: 0.5171017050743103
test_r2: 0.8091320991516113
min_lr: 1e-05
max_lr: 0.01
total_time: 517.004203081131
average_epoch_time: 5.170037350654602
