train_loss: 0.02628654611749232
train_accuracy: 0.9934399712437095
train_precision: 0.9934563414249141
train_recall: 0.9934399712437095
train_f1: 0.9934343228058667
val_loss: 0.029860197264828126
val_accuracy: 0.9928109273903667
val_precision: 0.9928238153636725
val_recall: 0.9928109273903667
val_f1: 0.9928152760130945
test_loss: 0.02852822396248071
test_accuracy: 0.99568655643422
test_precision: 0.9956967651204662
test_recall: 0.99568655643422
test_f1: 0.9956846179263091
min_lr: 5e-05
max_lr: 0.001
total_time: 551.9401526451111
average_epoch_time: 5.519397032260895
