train_loss: 0.28856338486941746
train_mse: 0.28856340050697327
train_mae: 0.3651648461818695
train_rmse: 0.5371809601783752
train_r2: 0.7824811339378357
val_loss: 0.3033404718224819
val_mse: 0.30411967635154724
val_mae: 0.37455010414123535
val_rmse: 0.5514704585075378
val_r2: 0.7661671042442322
test_loss: 0.2940001546190335
test_mse: 0.2947245240211487
test_mae: 0.3690972626209259
test_rmse: 0.5428853631019592
test_r2: 0.789623498916626
min_lr: 1e-06
max_lr: 0.002
total_time: 170.1203417778015
average_epoch_time: 1.7011995506286621
