train_loss: 0.2840716988570237
train_mse: 0.284071683883667
train_mae: 0.3644079864025116
train_rmse: 0.5329837799072266
train_r2: 0.785866916179657
val_loss: 0.29441033899784086
val_mse: 0.29514673352241516
val_mae: 0.3687434494495392
val_rmse: 0.5432741045951843
val_r2: 0.7730662226676941
test_loss: 0.2828837880721459
test_mse: 0.28384754061698914
test_mae: 0.36432671546936035
test_rmse: 0.5327734351158142
test_r2: 0.7973875999450684
min_lr: 1e-05
max_lr: 0.007
total_time: 570.6561806201935
average_epoch_time: 5.7065575671195985
