train_loss: 0.13333778534801785
train_accuracy: 0.9525521207764198
train_precision: 0.9541083640658172
train_recall: 0.9525521207764198
train_f1: 0.9518999965955613
val_loss: 0.134133054303344
val_accuracy: 0.9597411933860532
val_precision: 0.9608906092938718
val_recall: 0.9597411933860532
val_f1: 0.9591721521544929
test_loss: 0.11596451598134908
test_accuracy: 0.9604601006470166
test_precision: 0.9634391955118403
test_recall: 0.9604601006470166
test_f1: 0.9599553861822799
min_lr: 0.0002
max_lr: 0.08
total_time: 312.31848883628845
average_epoch_time: 3.123181550502777
