train_loss: 0.20329184360195732
train_mse: 0.2032918483018875
train_mae: 0.30661752820014954
train_rmse: 0.45087897777557373
train_r2: 0.8467587232589722
val_loss: 0.23529225278359192
val_mse: 0.2358068972826004
val_mae: 0.3241415023803711
val_rmse: 0.4855995178222656
val_r2: 0.8186917304992676
test_loss: 0.24360230267047883
test_mse: 0.2425069510936737
test_mae: 0.3339735269546509
test_rmse: 0.49244993925094604
test_r2: 0.8268967866897583
min_lr: 5e-06
max_lr: 0.003
total_time: 662.7307531833649
average_epoch_time: 6.627303235530853
