train_loss: 0.23244369575411253
train_accuracy: 0.9184938892882818
train_precision: 0.9188394001109051
train_recall: 0.9184938892882818
train_f1: 0.9183617675161185
val_loss: 0.24831572310491043
val_accuracy: 0.9158878504672897
val_precision: 0.9165961428416841
val_recall: 0.9158878504672897
val_f1: 0.9158491972606883
test_loss: 0.23197223296896977
test_accuracy: 0.9202012940330697
test_precision: 0.9208847956597382
test_recall: 0.9202012940330697
test_f1: 0.9203061721943272
min_lr: 1e-07
max_lr: 0.0001
total_time: 108.28374147415161
average_epoch_time: 1.0828322982788086
