train_loss: 0.003719220224121304
train_accuracy: 0.9991912293314162
train_precision: 0.9991929503737725
train_recall: 0.9991912293314162
train_f1: 0.9991906040756059
val_loss: 0.02405047202343915
val_accuracy: 0.9928109273903667
val_precision: 0.9928460648598986
val_recall: 0.9928109273903667
val_f1: 0.9928204683250321
test_loss: 0.04098137660110462
test_accuracy: 0.9949676491732566
test_precision: 0.9950071971398732
test_recall: 0.9949676491732566
test_f1: 0.9949716749044459
min_lr: 5e-05
max_lr: 0.01
total_time: 312.573814868927
average_epoch_time: 3.125734212398529
