train_loss: 0.10128937840418911
train_accuracy: 0.9701653486700216
train_precision: 0.9707719328432078
train_recall: 0.9701653486700216
train_f1: 0.9702168255324581
val_loss: 0.18077888299541717
val_accuracy: 0.9705248023005032
val_precision: 0.9716460597679019
val_recall: 0.9705248023005032
val_f1: 0.9706967701858022
test_loss: 0.09735807321373034
test_accuracy: 0.9734004313443566
test_precision: 0.9740648018054423
test_recall: 0.9734004313443566
test_f1: 0.9734827789042245
min_lr: 0.001
max_lr: 0.01
total_time: 414.7266013622284
average_epoch_time: 4.147261259555816
