train_loss: 0.268883447827006
train_mse: 0.26888343691825867
train_mae: 0.34649857878685
train_rmse: 0.5185397267341614
train_r2: 0.7973158359527588
val_loss: 0.3143848328636243
val_mse: 0.31521162390708923
val_mae: 0.3660005033016205
val_rmse: 0.5614371299743652
val_r2: 0.7576386332511902
test_loss: 0.318296234195049
test_mse: 0.3192298412322998
test_mae: 0.36899107694625854
test_rmse: 0.565004289150238
test_r2: 0.7721314430236816
min_lr: 2e-06
max_lr: 0.004
total_time: 1052.0597212314606
average_epoch_time: 10.520593073368072
