train_loss: 0.41308007704079613
train_mse: 0.413080096244812
train_mae: 0.44933199882507324
train_rmse: 0.6427130699157715
train_r2: 0.6886204481124878
val_loss: 0.42757114332455853
val_mse: 0.4290856420993805
val_mae: 0.45831549167633057
val_rmse: 0.655046284198761
val_r2: 0.670082688331604
test_loss: 0.40164057039297546
test_mse: 0.40174156427383423
test_mae: 0.4481060206890106
test_rmse: 0.6338308453559875
test_r2: 0.7132339477539062
min_lr: 2e-05
max_lr: 0.1
total_time: 409.643119096756
average_epoch_time: 4.096426017284394
