train_loss: 0.24565077756114048
train_accuracy: 0.9154385334291877
train_precision: 0.9177880031128707
train_recall: 0.9154385334291877
train_f1: 0.9158017294352299
val_loss: 0.24981957928023554
val_accuracy: 0.9266714593817398
val_precision: 0.9287886572251829
val_recall: 0.9266714593817398
val_f1: 0.9270396072872463
test_loss: 0.22492365505207668
test_accuracy: 0.9259525521207764
test_precision: 0.9283403065768024
test_recall: 0.9259525521207764
test_f1: 0.926349263157342
min_lr: 2e-05
max_lr: 0.02
total_time: 340.4963891506195
average_epoch_time: 3.404959986209869
