train_loss: 0.5915331439107887
train_mse: 0.5915331840515137
train_mae: 0.5587334036827087
train_rmse: 0.7691119313240051
train_r2: 0.5541026592254639
val_loss: 0.5919320746110036
val_mse: 0.5931338667869568
val_mae: 0.5651870369911194
val_rmse: 0.7701518535614014
val_r2: 0.5439485311508179
test_loss: 0.5882466038832298
test_mse: 0.5872241854667664
test_mae: 0.5599992275238037
test_rmse: 0.7663055658340454
test_r2: 0.5808351039886475
min_lr: 2e-05
max_lr: 0.02
total_time: 306.66199588775635
average_epoch_time: 3.0666165208816527
