train_loss: 0.20462385735249725
train_accuracy: 0.9567757009345794
train_precision: 0.9595707822815635
train_recall: 0.9567757009345794
train_f1: 0.9572696777053529
val_loss: 0.23559729805724186
val_accuracy: 0.9511143062544932
val_precision: 0.956802602578721
val_recall: 0.9511143062544932
val_f1: 0.9521742696767039
test_loss: 0.1797473799775947
test_accuracy: 0.9654924514737598
test_precision: 0.9682582882773781
test_recall: 0.9654924514737598
test_f1: 0.9659780095722507
min_lr: 1e-07
max_lr: 0.0001
total_time: 84.76184511184692
average_epoch_time: 0.8476142859458924
