train_loss: 0.41086182460304377
train_mse: 0.4108618199825287
train_mae: 0.45095857977867126
train_rmse: 0.6409850120544434
train_r2: 0.6902925968170166
val_loss: 0.4043075582560371
val_mse: 0.4149547815322876
val_mae: 0.45845481753349304
val_rmse: 0.6441698670387268
val_r2: 0.6809476613998413
test_loss: 0.4007662552244523
test_mse: 0.4003751873970032
test_mae: 0.44425880908966064
test_rmse: 0.6327520608901978
test_r2: 0.7142093181610107
min_lr: 1e-07
max_lr: 0.001
total_time: 72.28012180328369
average_epoch_time: 0.7227961897850037
