train_loss: 0.37130303051351576
train_mse: 0.3713030219078064
train_mae: 0.4269922971725464
train_rmse: 0.6093463897705078
train_r2: 0.7201120257377625
val_loss: 0.40760398644667406
val_mse: 0.4080433249473572
val_mae: 0.44820231199264526
val_rmse: 0.6387826800346375
val_r2: 0.686261773109436
test_loss: 0.4034721885736172
test_mse: 0.3996816873550415
test_mae: 0.442745566368103
test_rmse: 0.6322038173675537
test_r2: 0.7147042751312256
min_lr: 2e-05
max_lr: 0.01
total_time: 313.77716851234436
average_epoch_time: 3.1377681374549864
