train_loss: 0.2801434461229531
train_mse: 0.2801434397697449
train_mae: 0.3694128692150116
train_rmse: 0.5292857885360718
train_r2: 0.7888280749320984
val_loss: 0.3204604010169323
val_mse: 0.320995956659317
val_mae: 0.3963122069835663
val_rmse: 0.5665650367736816
val_r2: 0.7531911730766296
test_loss: 0.3028971555141302
test_mse: 0.3037363588809967
test_mae: 0.3906542658805847
test_rmse: 0.5511228442192078
test_r2: 0.7831907868385315
min_lr: 1e-07
max_lr: 0.0001
total_time: 519.5868716239929
average_epoch_time: 5.195864415168762
