train_loss: 0.013215443702110547
train_accuracy: 0.9957764198418404
train_precision: 0.9957865188821422
train_recall: 0.9957764198418404
train_f1: 0.995772471439385
val_loss: 0.024718613855921747
val_accuracy: 0.9949676491732566
val_precision: 0.9949845027657752
val_recall: 0.9949676491732566
val_f1: 0.9949702822136794
test_loss: 0.02657969407937344
test_accuracy: 0.9935298346513299
test_precision: 0.9935667682878446
test_recall: 0.9935298346513299
test_f1: 0.9935362538867806
min_lr: 0.0002
max_lr: 0.01
total_time: 229.46994876861572
average_epoch_time: 2.2946953868865965
