train_loss: 0.002063341877809473
train_mse: 0.0020633419044315815
train_mae: 0.033456262201070786
train_rmse: 0.045424021780490875
train_r2: 0.998444676399231
val_loss: 0.28630718348117973
val_mse: 0.28731000423431396
val_mae: 0.3654946982860565
val_rmse: 0.5360130667686462
val_r2: 0.7790917754173279
test_loss: 0.2800280998532589
test_mse: 0.2806245684623718
test_mae: 0.36413320899009705
test_rmse: 0.5297400951385498
test_r2: 0.7996881604194641
min_lr: 1e-07
max_lr: 0.001
total_time: 1068.2642748355865
average_epoch_time: 10.682638533115387
