train_loss: 0.35397525570651356
train_mse: 0.3539752960205078
train_mae: 0.4182538092136383
train_rmse: 0.5949582457542419
train_r2: 0.733173668384552
val_loss: 0.3503908173126333
val_mse: 0.3580653965473175
val_mae: 0.42214787006378174
val_rmse: 0.5983856320381165
val_r2: 0.7246890068054199
test_loss: 0.3532668983235079
test_mse: 0.34259501099586487
test_mae: 0.41676318645477295
test_rmse: 0.5853161811828613
test_r2: 0.7554532289505005
min_lr: 1e-07
max_lr: 0.001
total_time: 68.53164315223694
average_epoch_time: 0.6853118944168091
