train_loss: 0.0451707416428146
train_accuracy: 0.987508986340762
train_precision: 0.9876118973580631
train_recall: 0.987508986340762
train_f1: 0.987516074433173
val_loss: 0.0354699807992967
val_accuracy: 0.99137311286844
val_precision: 0.9914075630179031
val_recall: 0.99137311286844
val_f1: 0.991375218670586
test_loss: 0.03645827671756375
test_accuracy: 0.9899352983465133
test_precision: 0.9899329068673881
test_recall: 0.9899352983465133
test_f1: 0.9899043699811526
min_lr: 1e-07
max_lr: 0.007
total_time: 89.11584234237671
average_epoch_time: 0.8911533117294311
