train_loss: 0.28259481475219245
train_mse: 0.28259479999542236
train_mae: 0.3575838804244995
train_rmse: 0.5315964818000793
train_r2: 0.7869802117347717
val_loss: 0.28082896631497606
val_mse: 0.2817796766757965
val_mae: 0.35726794600486755
val_rmse: 0.5308292508125305
val_r2: 0.7833439707756042
test_loss: 0.2704257753032904
test_mse: 0.27148863673210144
test_mae: 0.3559035062789917
test_rmse: 0.5210457444190979
test_r2: 0.8062094449996948
min_lr: 2e-05
max_lr: 0.02
total_time: 640.7434566020966
average_epoch_time: 6.407429456710815
