train_loss: 0.17863064671527276
train_mse: 0.17863065004348755
train_mae: 0.28318604826927185
train_rmse: 0.4226472079753876
train_r2: 0.8653483390808105
val_loss: 0.2236631207741224
val_mse: 0.22375677525997162
val_mae: 0.30968624353408813
val_rmse: 0.47302934527397156
val_r2: 0.8279568552970886
test_loss: 0.23746640326885077
test_mse: 0.2372671514749527
test_mae: 0.3218003213405609
test_rmse: 0.487100750207901
test_r2: 0.8306369781494141
min_lr: 1e-05
max_lr: 0.001
total_time: 654.6248152256012
average_epoch_time: 6.546243834495544
