train_loss: 0.5032094197795373
train_mse: 0.5032094120979309
train_mae: 0.5040428042411804
train_rmse: 0.7093725204467773
train_r2: 0.6206810474395752
val_loss: 0.5199165087479811
val_mse: 0.5213363766670227
val_mae: 0.5198341608047485
val_rmse: 0.7220362424850464
val_r2: 0.5991525053977966
test_loss: 0.48932337096104256
test_mse: 0.48847928643226624
test_mae: 0.5018943548202515
test_rmse: 0.6989129185676575
test_r2: 0.6513199806213379
min_lr: 1e-06
max_lr: 0.01
total_time: 174.97757029533386
average_epoch_time: 1.7497715258598328
