train_loss: 1.3281907161423403
train_mse: 1.3281906843185425
train_mae: 0.9037896990776062
train_rmse: 1.1524715423583984
train_r2: -0.0011892318725585938
val_loss: 1.2965702258623564
val_mse: 1.3006237745285034
val_mae: 0.8875924944877625
val_rmse: 1.1404489278793335
val_r2: -2.956390380859375e-05
test_loss: 1.4066360877110409
test_mse: 1.402987003326416
test_mae: 0.9332770109176636
test_rmse: 1.1844775676727295
test_r2: -0.0014623403549194336
min_lr: 5e-06
max_lr: 0.007
total_time: 551.4041647911072
average_epoch_time: 5.514037721157074
