train_loss: 6244.507570328754
train_mse: 6244.50732421875
train_mae: 1.2287931442260742
train_rmse: 79.0221939086914
train_r2: -4706.10595703125
val_loss: 0.25741061480606303
val_mse: 0.26317915320396423
val_mae: 0.35195472836494446
val_rmse: 0.5130099058151245
val_r2: 0.797645628452301
test_loss: 38826.28765526589
test_mse: 40933.125
test_mae: 4.831069469451904
test_rmse: 202.31936645507812
test_r2: -29217.361328125
min_lr: 0.0001
max_lr: 0.004
total_time: 198.80855798721313
average_epoch_time: 1.988081805706024
