train_loss: 0.023462768141133444
train_accuracy: 0.9937095614665709
train_precision: 0.9937318007352939
train_recall: 0.9937095614665709
train_f1: 0.9937067470121678
val_loss: 0.045913050389076074
val_accuracy: 0.9899352983465133
val_precision: 0.9899547984146343
val_recall: 0.9899352983465133
val_f1: 0.9899290276158413
test_loss: 0.02581957657292316
test_accuracy: 0.9949676491732566
test_precision: 0.9949879515228578
test_recall: 0.9949676491732566
test_f1: 0.9949638360178127
min_lr: 2e-05
max_lr: 0.002
total_time: 528.442925453186
average_epoch_time: 5.284424316883087
