train_loss: 0.29659326155056326
train_mse: 0.29659324884414673
train_mae: 0.3741365373134613
train_rmse: 0.5446037650108337
train_r2: 0.77642822265625
val_loss: 0.30123977976686817
val_mse: 0.3091551661491394
val_mae: 0.38109755516052246
val_rmse: 0.5560172200202942
val_r2: 0.7622953653335571
test_loss: 0.28289490061647754
test_mse: 0.2912817895412445
test_mae: 0.3714161217212677
test_rmse: 0.5397052764892578
test_r2: 0.7920809388160706
min_lr: 1e-07
max_lr: 0.03
total_time: 77.14468431472778
average_epoch_time: 0.7714420366287231
