train_loss: 0.014837032872042752
train_accuracy: 0.9951473759884975
train_precision: 0.9952062220275045
train_recall: 0.9951473759884975
train_f1: 0.9951505370952616
val_loss: 0.020549367465057665
val_accuracy: 0.99568655643422
val_precision: 0.9957037809616888
val_recall: 0.99568655643422
val_f1: 0.9956850430981696
test_loss: 0.02347141520559407
test_accuracy: 0.9949676491732566
test_precision: 0.995032782914753
test_recall: 0.9949676491732566
test_f1: 0.9949679229063483
min_lr: 1e-05
max_lr: 0.0015
total_time: 424.4557044506073
average_epoch_time: 4.244551928043365
