train_loss: 0.1863145146143529
train_mse: 0.18631452322006226
train_mae: 0.30434608459472656
train_rmse: 0.43164166808128357
train_r2: 0.8595561981201172
val_loss: 0.232311371494742
val_mse: 0.23646128177642822
val_mae: 0.33250728249549866
val_rmse: 0.4862728416919708
val_r2: 0.8181885480880737
test_loss: 0.29730114253128276
test_mse: 0.2999642491340637
test_mae: 0.35050123929977417
test_rmse: 0.5476899147033691
test_r2: 0.7858833074569702
min_lr: 5e-05
max_lr: 0.001
total_time: 208.2862937450409
average_epoch_time: 2.0828581166267397
