train_loss: 0.01508207385205455
train_accuracy: 0.9964054636951833
train_precision: 0.9964122177361244
train_recall: 0.9964054636951833
train_f1: 0.9964032883847087
val_loss: 0.014230120196027035
val_accuracy: 0.99568655643422
val_precision: 0.9957063359565428
val_recall: 0.99568655643422
val_f1: 0.9956848811804607
test_loss: 0.03210845300848384
test_accuracy: 0.99568655643422
test_precision: 0.9957157151922529
test_recall: 0.99568655643422
test_f1: 0.9956874109528668
min_lr: 0.0001
max_lr: 0.003
total_time: 360.655113697052
average_epoch_time: 3.606547865867615
