train_loss: 0.6236751947927383
train_mse: 0.6236752271652222
train_mae: 0.5662303566932678
train_rmse: 0.7897310853004456
train_r2: 0.5298740863800049
val_loss: 0.6396526157855987
val_mse: 0.6419965028762817
val_mae: 0.5765202641487122
val_rmse: 0.8012468218803406
val_r2: 0.5063787698745728
test_loss: 0.6393754885746883
test_mse: 0.6334388256072998
test_mae: 0.5704228281974792
test_rmse: 0.7958887219429016
test_r2: 0.547846794128418
min_lr: 1e-05
max_lr: 0.02
total_time: 322.4698145389557
average_epoch_time: 3.224693949222565
