train_loss: 0.3699604151553886
train_mse: 0.3699604272842407
train_mae: 0.42609214782714844
train_rmse: 0.6082437038421631
train_r2: 0.7211240530014038
val_loss: 0.3964903845236852
val_mse: 0.3973684310913086
val_mae: 0.44603851437568665
val_rmse: 0.6303716897964478
val_r2: 0.6944695711135864
test_loss: 0.38918269826815677
test_mse: 0.3863314092159271
test_mae: 0.435030996799469
test_rmse: 0.6215556263923645
test_r2: 0.724233865737915
min_lr: 1e-05
max_lr: 0.004
total_time: 308.76133131980896
average_epoch_time: 3.0876097202301027
