train_loss: 0.28960903120306575
train_mse: 0.28960904479026794
train_mae: 0.3705410957336426
train_rmse: 0.538153350353241
train_r2: 0.7816928625106812
val_loss: 0.29729700890871197
val_mse: 0.29822859168052673
val_mae: 0.376171737909317
val_rmse: 0.5461031198501587
val_r2: 0.7706966400146484
test_loss: 0.2794708558000051
test_mse: 0.2807272970676422
test_mae: 0.37135952711105347
test_rmse: 0.5298370718955994
test_r2: 0.7996147871017456
min_lr: 5e-05
max_lr: 0.02
total_time: 365.3759562969208
average_epoch_time: 3.653754632472992
