train_loss: 0.30004254842624645
train_mse: 0.3000425696372986
train_mae: 0.3758358657360077
train_rmse: 0.5477614402770996
train_r2: 0.7738281488418579
val_loss: 0.32156866055268507
val_mse: 0.3226398229598999
val_mae: 0.38500556349754333
val_rmse: 0.5680139064788818
val_r2: 0.7519272565841675
test_loss: 0.2966921575940572
test_mse: 0.2980325222015381
test_mae: 0.3775271773338318
test_rmse: 0.5459235310554504
test_r2: 0.7872622013092041
min_lr: 1e-05
max_lr: 0.01
total_time: 1072.9328398704529
average_epoch_time: 10.729323770999908
