train_loss: 0.5399358420408973
train_mse: 0.539935827255249
train_mae: 0.5266390442848206
train_rmse: 0.7348032593727112
train_r2: 0.5929967164993286
val_loss: 0.5736615547767052
val_mse: 0.5752580165863037
val_mae: 0.5456239581108093
val_rmse: 0.7584576606750488
val_r2: 0.5576930046081543
test_loss: 0.564694110246805
test_mse: 0.5628741979598999
test_mae: 0.5367721319198608
test_rmse: 0.750249445438385
test_r2: 0.5982162952423096
min_lr: 1e-05
max_lr: 0.0005
total_time: 366.5493221282959
average_epoch_time: 3.665489671230316
