train_loss: 0.031370688852019095
train_accuracy: 0.9889468008626887
train_precision: 0.9890455229682238
train_recall: 0.9889468008626887
train_f1: 0.9889272745146366
val_loss: 0.04646375571478116
val_accuracy: 0.9856218547807333
val_precision: 0.9860522955649009
val_recall: 0.9856218547807333
val_f1: 0.9856371601589325
test_loss: 0.03825737489651973
test_accuracy: 0.99137311286844
test_precision: 0.9914581372849205
test_recall: 0.99137311286844
test_f1: 0.9913517572086696
min_lr: 5e-05
max_lr: 0.004
total_time: 262.9537115097046
average_epoch_time: 2.6295317101478575
