train_loss: 0.0520401029143718
train_accuracy: 0.9834651329978433
train_precision: 0.9836525567655422
train_recall: 0.9834651329978433
train_f1: 0.9834562975235751
val_loss: 0.06997896736191417
val_accuracy: 0.9813084112149533
val_precision: 0.9814682096843819
val_recall: 0.9813084112149533
val_f1: 0.9812931700514533
test_loss: 0.0815455760510469
test_accuracy: 0.9856218547807333
test_precision: 0.9859434890151569
test_recall: 0.9856218547807333
test_f1: 0.9855502540015527
min_lr: 1e-07
max_lr: 0.004
total_time: 137.18162846565247
average_epoch_time: 1.3718103170394897
