train_loss: 0.059256555166646796
train_accuracy: 0.985981308411215
train_precision: 0.9860507980696329
train_recall: 0.985981308411215
train_f1: 0.9859896745279383
val_loss: 0.06967201656185683
val_accuracy: 0.9863407620416966
val_precision: 0.9865830410123262
val_recall: 0.9863407620416966
val_f1: 0.986382506824363
test_loss: 0.046178195264391514
test_accuracy: 0.9877785765636233
test_precision: 0.987785595856543
test_recall: 0.9877785765636233
test_f1: 0.9877715907097112
min_lr: 1e-07
max_lr: 0.015
total_time: 122.5932788848877
average_epoch_time: 1.2259263134002685
