train_loss: 0.46285898532978326
train_mse: 0.46285897493362427
train_mae: 0.49745821952819824
train_rmse: 0.6803373694419861
train_r2: 0.6510971784591675
val_loss: 0.4829793449710397
val_mse: 0.4952193796634674
val_mae: 0.5161059498786926
val_rmse: 0.7037182450294495
val_r2: 0.6192334890365601
test_loss: 0.45906710800002604
test_mse: 0.4520608186721802
test_mae: 0.491115540266037
test_rmse: 0.6723546981811523
test_r2: 0.6773157119750977
min_lr: 2e-05
max_lr: 0.1
total_time: 59.120246171951294
average_epoch_time: 0.5911992073059082
