train_loss: 0.537855022233124
train_mse: 0.5378550291061401
train_mae: 0.5242260694503784
train_rmse: 0.7333859801292419
train_r2: 0.5945651531219482
val_loss: 0.5752959159704355
val_mse: 0.5768527388572693
val_mae: 0.5455275177955627
val_rmse: 0.7595081925392151
val_r2: 0.556466817855835
test_loss: 0.5700719899856127
test_mse: 0.568378746509552
test_mae: 0.5367006063461304
test_rmse: 0.7539089918136597
test_r2: 0.594287097454071
min_lr: 5e-07
max_lr: 0.001
total_time: 133.4319224357605
average_epoch_time: 1.3343152809143066
