train_loss: 0.03533728066905423
train_accuracy: 0.9920920201294033
train_precision: 0.9921196289942603
train_recall: 0.9920920201294033
train_f1: 0.992095924514965
val_loss: 0.05064008684712462
val_accuracy: 0.9884974838245866
val_precision: 0.9885875871985237
val_recall: 0.9884974838245866
val_f1: 0.9885117877236722
test_loss: 0.03357789607517506
test_accuracy: 0.9942487419122933
test_precision: 0.9942715405292198
test_recall: 0.9942487419122933
test_f1: 0.9942465659558167
min_lr: 0.0001
max_lr: 0.008
total_time: 256.26560282707214
average_epoch_time: 2.5626493954658507
