train_loss: 1.3224247713652693
train_mse: 1.3224248886108398
train_mae: 0.9095958471298218
train_rmse: 1.1499673128128052
train_r2: 0.00315701961517334
val_loss: 1.2886022457709678
val_mse: 1.2918729782104492
val_mae: 0.8939711451530457
val_rmse: 1.1366058588027954
val_r2: 0.0066988468170166016
test_loss: 1.4072345210955692
test_mse: 1.4041229486465454
test_mae: 0.9406955242156982
test_rmse: 1.1849569082260132
test_r2: -0.0022732019424438477
min_lr: 5e-05
max_lr: 0.02
total_time: 320.43063521385193
average_epoch_time: 3.204302518367767
