train_loss: 0.06154699682729083
train_accuracy: 0.9880481667864845
train_precision: 0.9880847086796408
train_recall: 0.9880481667864845
train_f1: 0.9880499060121894
val_loss: 0.12893041033848104
val_accuracy: 0.9813084112149533
val_precision: 0.9814870957584636
val_recall: 0.9813084112149533
val_f1: 0.9813297607224785
test_loss: 0.05892415084368126
test_accuracy: 0.98705966930266
test_precision: 0.9871145600285076
test_recall: 0.98705966930266
test_f1: 0.9870479356821737
min_lr: 0.0004
max_lr: 0.006
total_time: 382.3137629032135
average_epoch_time: 3.823132565021515
