train_loss: 0.8728165039043317
train_accuracy: 0.6548346513299784
train_precision: 0.6986329178911008
train_recall: 0.6548346513299784
train_f1: 0.6221781934103361
val_loss: 0.8615267832170833
val_accuracy: 0.6592379583033788
val_precision: 0.6953743262410323
val_recall: 0.6592379583033788
val_f1: 0.6276712351377721
test_loss: 0.8520217084071853
test_accuracy: 0.6534867002156722
test_precision: 0.6987646281461867
test_recall: 0.6534867002156722
test_f1: 0.6156437431812487
min_lr: 5e-05
max_lr: 0.5
total_time: 240.79895782470703
average_epoch_time: 2.4079854249954225
