train_loss: 0.5591124884437683
train_mse: 0.5591124892234802
train_mae: 0.534772515296936
train_rmse: 0.747738242149353
train_r2: 0.5785413980484009
val_loss: 0.5946549323888926
val_mse: 0.5966271162033081
val_mae: 0.5538610816001892
val_rmse: 0.7724164128303528
val_r2: 0.5412626266479492
test_loss: 0.5855644414058099
test_mse: 0.5853609442710876
test_mae: 0.5468893051147461
test_rmse: 0.7650888562202454
test_r2: 0.5821651220321655
min_lr: 1e-07
max_lr: 0.0001
total_time: 172.4941761493683
average_epoch_time: 1.724937241077423
