train_loss: 0.002269202319464329
train_accuracy: 0.999370956146657
train_precision: 0.9993731444821901
train_recall: 0.999370956146657
train_f1: 0.9993709774544479
val_loss: 0.1119544888206292
val_accuracy: 0.9755571531272466
val_precision: 0.9757117119718421
val_recall: 0.9755571531272466
val_f1: 0.9755222713609315
test_loss: 0.11140089149491607
test_accuracy: 0.9791516894320632
test_precision: 0.9794013614734424
test_recall: 0.9791516894320632
test_f1: 0.9791121287546988
min_lr: 1e-07
max_lr: 0.001
total_time: 720.6138031482697
average_epoch_time: 7.2061333966255186
