train_loss: 0.3320405419858158
train_mse: 0.33204054832458496
train_mae: 0.40287160873413086
train_rmse: 0.5762295722961426
train_r2: 0.7497080564498901
val_loss: 0.3440651098122964
val_mse: 0.34494343400001526
val_mae: 0.4092734158039093
val_rmse: 0.5873188376426697
val_r2: 0.7347782850265503
test_loss: 0.30417723919336614
test_mse: 0.30509960651397705
test_mae: 0.3886606991291046
test_rmse: 0.5523582100868225
test_r2: 0.7822176814079285
min_lr: 1e-05
max_lr: 0.02
total_time: 512.4162473678589
average_epoch_time: 5.1241580319404605
