train_loss: 0.4588471072935319
train_mse: 0.4588471055030823
train_mae: 0.47913292050361633
train_rmse: 0.6773825287818909
train_r2: 0.6541212797164917
val_loss: 0.48732419541248906
val_mse: 0.4887644648551941
val_mae: 0.49761489033699036
val_rmse: 0.6991169452667236
val_r2: 0.6241965293884277
test_loss: 0.4682340314755073
test_mse: 0.4657117426395416
test_mae: 0.4833855628967285
test_rmse: 0.6824307441711426
test_r2: 0.6675715446472168
min_lr: 1e-05
max_lr: 0.01
total_time: 367.4435205459595
average_epoch_time: 3.6744314885139464
