train_loss: 0.3122577483570853
train_mse: 0.3122577667236328
train_mae: 0.38528624176979065
train_rmse: 0.5588002800941467
train_r2: 0.764620304107666
val_loss: 0.3316732609973234
val_mse: 0.339051753282547
val_mae: 0.39942023158073425
val_rmse: 0.5822815299034119
val_r2: 0.7393083572387695
test_loss: 0.3162357368889977
test_mse: 0.321930855512619
test_mae: 0.3942645192146301
test_rmse: 0.5673894882202148
test_r2: 0.7702034115791321
min_lr: 1e-06
max_lr: 0.001
total_time: 65.44278311729431
average_epoch_time: 0.6544237995147705
