train_loss: 1.6668154364344718
train_accuracy: 0.2161214953271028
train_precision: 0.046708500742422915
train_recall: 0.2161214953271028
train_f1: 0.07681551707111242
val_loss: 1.6621296487071298
val_accuracy: 0.2113587347232207
val_precision: 0.04467251474380078
val_recall: 0.2113587347232207
val_f1: 0.0737560451140972
test_loss: 1.6627261448990216
test_accuracy: 0.22286125089863407
test_precision: 0.04966713715210392
test_recall: 0.22286125089863407
test_f1: 0.08123102619468144
min_lr: 1e-07
max_lr: 0.001
total_time: 85.71100306510925
average_epoch_time: 0.8571043038368225
