train_loss: 0.040416036337753224
train_accuracy: 0.9905643421998562
train_precision: 0.9906270159554336
train_recall: 0.9905643421998562
train_f1: 0.9905597715959055
val_loss: 0.0628030376630539
val_accuracy: 0.9884974838245866
val_precision: 0.9885962373911515
val_recall: 0.9884974838245866
val_f1: 0.9884708302712004
test_loss: 0.03425510645981624
test_accuracy: 0.9935298346513299
test_precision: 0.9935836413626629
test_recall: 0.9935298346513299
test_f1: 0.9935294739281698
min_lr: 1e-06
max_lr: 0.007
total_time: 119.00700545310974
average_epoch_time: 1.1900659394264221
