train_loss: 0.4442701130065807
train_mse: 0.44427013397216797
train_mae: 0.4820619821548462
train_rmse: 0.6665359139442444
train_r2: 0.6651095151901245
val_loss: 0.4724632510772118
val_mse: 0.47432857751846313
val_mae: 0.4987173080444336
val_rmse: 0.6887151598930359
val_r2: 0.635296106338501
test_loss: 0.43151612877845763
test_mse: 0.43082961440086365
test_mae: 0.47686767578125
test_rmse: 0.6563761234283447
test_r2: 0.6924706697463989
min_lr: 5e-06
max_lr: 0.03
total_time: 708.404403924942
average_epoch_time: 7.084038841724396
