train_loss: 0.5457319627090018
train_mse: 0.5457319617271423
train_mae: 0.5294137001037598
train_rmse: 0.7387367486953735
train_r2: 0.5886275768280029
val_loss: 0.5795834674285009
val_mse: 0.5811394453048706
val_mae: 0.5493789911270142
val_rmse: 0.7623250484466553
val_r2: 0.5531708598136902
test_loss: 0.5624491010720913
test_mse: 0.5626194477081299
test_mae: 0.5364660024642944
test_rmse: 0.7500796318054199
test_r2: 0.5983981490135193
min_lr: 1e-07
max_lr: 0.0003
total_time: 177.32521271705627
average_epoch_time: 1.7732449650764466
