train_loss: 0.3114654300517814
train_mse: 0.31146544218063354
train_mae: 0.3868686556816101
train_rmse: 0.55809086561203
train_r2: 0.7652175426483154
val_loss: 0.3174879007479724
val_mse: 0.32485997676849365
val_mae: 0.39552584290504456
val_rmse: 0.5699648857116699
val_r2: 0.7502201795578003
test_loss: 0.2923399972565034
test_mse: 0.3005485236644745
test_mae: 0.3848016560077667
test_rmse: 0.548223078250885
test_r2: 0.7854663133621216
min_lr: 1e-06
max_lr: 0.01
total_time: 63.323593854904175
average_epoch_time: 0.6332331681251526
