train_loss: 0.25869827729093936
train_mse: 0.2586982846260071
train_mae: 0.34044724702835083
train_rmse: 0.5086238980293274
train_r2: 0.8049933910369873
val_loss: 0.2746156313098394
val_mse: 0.2755221426486969
val_mae: 0.3497689366340637
val_rmse: 0.5249020457267761
val_r2: 0.7881553173065186
test_loss: 0.26022735008826625
test_mse: 0.2607707977294922
test_mae: 0.34615013003349304
test_rmse: 0.5106572508811951
test_r2: 0.8138599395751953
min_lr: 4e-06
max_lr: 0.003
total_time: 570.2110922336578
average_epoch_time: 5.702106754779816
