train_loss: 0.825480693417002
train_mse: 0.8254806995391846
train_mae: 0.6941593885421753
train_rmse: 0.9085596799850464
train_r2: 0.3777531385421753
val_loss: 0.8496857409293835
val_mse: 0.8526008129119873
val_mae: 0.7045467495918274
val_rmse: 0.9233638644218445
val_r2: 0.34444838762283325
test_loss: 0.9125317862400641
test_mse: 0.9117891788482666
test_mae: 0.7323690056800842
test_rmse: 0.9548765420913696
test_r2: 0.34915828704833984
min_lr: 2e-06
max_lr: 0.001
total_time: 162.10627055168152
average_epoch_time: 1.62105934381485
