train_loss: 0.1890897505317432
train_mse: 0.18908976018428802
train_mae: 0.29290327429771423
train_rmse: 0.4348445236682892
train_r2: 0.8574642539024353
val_loss: 0.23472911606614405
val_mse: 0.23518308997154236
val_mae: 0.3180710971355438
val_rmse: 0.4849568009376526
val_r2: 0.8191713690757751
test_loss: 0.23828226465445299
test_mse: 0.2381354570388794
test_mae: 0.32777485251426697
test_rmse: 0.48799124360084534
test_r2: 0.8300172090530396
min_lr: 1e-05
max_lr: 0.002
total_time: 664.5519347190857
average_epoch_time: 6.645514636039734
