train_loss: 0.5609674838970798
train_mse: 0.5609675049781799
train_mae: 0.5386291146278381
train_rmse: 0.7489776611328125
train_r2: 0.5771430730819702
val_loss: 0.5904429233991183
val_mse: 0.5923652648925781
val_mae: 0.5541026592254639
val_rmse: 0.7696526646614075
val_r2: 0.5445394515991211
test_loss: 0.5753693933670337
test_mse: 0.5751425623893738
test_mae: 0.5455100536346436
test_rmse: 0.7583815455436707
test_r2: 0.5894590616226196
min_lr: 2e-05
max_lr: 0.0005
total_time: 342.06857538223267
average_epoch_time: 3.4206822061538698
