train_loss: 0.48535366135454455
train_mse: 0.4853536784648895
train_mae: 0.4979701638221741
train_rmse: 0.6966732740402222
train_r2: 0.6341407299041748
val_loss: 0.5113997287475146
val_mse: 0.512985110282898
val_mae: 0.5229053497314453
val_rmse: 0.7162297964096069
val_r2: 0.6055736541748047
test_loss: 0.505982896227103
test_mse: 0.5035781860351562
test_mae: 0.5028225779533386
test_rmse: 0.7096324563026428
test_r2: 0.6405422687530518
min_lr: 1e-07
max_lr: 0.0004
total_time: 130.71072435379028
average_epoch_time: 1.3071034574508666
