train_loss: 0.06793205787283207
train_accuracy: 0.982566498921639
train_precision: 0.9826962733272735
train_recall: 0.982566498921639
train_f1: 0.982551671063202
val_loss: 0.08237651481547138
val_accuracy: 0.9777138749101366
val_precision: 0.9780417428935397
val_recall: 0.9777138749101366
val_f1: 0.9776790901844555
test_loss: 0.05446962361350994
test_accuracy: 0.9877785765636233
test_precision: 0.9878972058082355
test_recall: 0.9877785765636233
test_f1: 0.9877865782720218
min_lr: 0.0001
max_lr: 0.003
total_time: 334.32592129707336
average_epoch_time: 3.3432558250427244
