train_loss: 0.00403643704339629
train_accuracy: 0.998921639108555
train_precision: 0.998924043597959
train_recall: 0.998921639108555
train_f1: 0.9989212596776441
val_loss: 0.03178391006506651
val_accuracy: 0.9928109273903667
val_precision: 0.9928789330033417
val_recall: 0.9928109273903667
val_f1: 0.9928159052807822
test_loss: 0.03154287041582971
test_accuracy: 0.9964054636951833
test_precision: 0.996426662242622
test_recall: 0.9964054636951833
test_f1: 0.996406378708969
min_lr: 0.0001
max_lr: 0.005
total_time: 414.2705178260803
average_epoch_time: 4.142701301574707
