train_loss: 0.8514560719793157
train_mse: 0.8514561057090759
train_mae: 0.7109605669975281
train_rmse: 0.9227437973022461
train_r2: 0.3581729531288147
val_loss: 0.872047358751297
val_mse: 0.8752066493034363
val_mae: 0.7203554511070251
val_rmse: 0.9355248212814331
val_r2: 0.32706713676452637
test_loss: 0.9493343289081867
test_mse: 0.9486295580863953
test_mae: 0.7509142756462097
test_rmse: 0.9739761352539062
test_r2: 0.32286131381988525
min_lr: 1e-07
max_lr: 0.001
total_time: 146.1580502986908
average_epoch_time: 1.4615766143798827
