train_loss: 0.15173851282790649
train_mse: 0.1517385095357895
train_mae: 0.27694857120513916
train_rmse: 0.3895362615585327
train_r2: 0.8856196403503418
val_loss: 0.2805616540067336
val_mse: 0.28538861870765686
val_mae: 0.36515405774116516
val_rmse: 0.5342177748680115
val_r2: 0.7805690765380859
test_loss: 0.2815721929073334
test_mse: 0.28314441442489624
test_mae: 0.37133434414863586
test_rmse: 0.5321131348609924
test_r2: 0.7978894710540771
min_lr: 1e-07
max_lr: 0.0005
total_time: 1088.5498287677765
average_epoch_time: 10.885492813587188
