train_loss: 0.4053351002377133
train_mse: 0.40533512830734253
train_mae: 0.442171573638916
train_rmse: 0.6366593241691589
train_r2: 0.6944586038589478
val_loss: 0.4148281321806066
val_mse: 0.42494168877601624
val_mae: 0.45786646008491516
val_rmse: 0.6518754959106445
val_r2: 0.6732689142227173
test_loss: 0.39401649727540855
test_mse: 0.39111417531967163
test_mae: 0.43630459904670715
test_rmse: 0.6253912448883057
test_r2: 0.7208198308944702
min_lr: 1e-07
max_lr: 0.0008
total_time: 69.90521383285522
average_epoch_time: 0.6990485191345215
