train_loss: 0.007538119439974336
train_accuracy: 0.9977534148094895
train_precision: 0.9977631644493993
train_recall: 0.9977534148094895
train_f1: 0.9977516361044035
val_loss: 0.03964854219322495
val_accuracy: 0.9949676491732566
val_precision: 0.9949901461377136
val_recall: 0.9949676491732566
val_f1: 0.9949687813960061
test_loss: 0.02149979147084609
test_accuracy: 0.99568655643422
test_precision: 0.9957146934412501
test_recall: 0.99568655643422
test_f1: 0.9956875062902112
min_lr: 0.0005
max_lr: 0.006
total_time: 344.0489900112152
average_epoch_time: 3.440486562252045
