train_loss: 0.21570687185135462
train_mse: 0.21570686995983124
train_mae: 0.3121546804904938
train_rmse: 0.46444255113601685
train_r2: 0.8374003171920776
val_loss: 0.23934729483265144
val_mse: 0.23987384140491486
val_mae: 0.32251429557800293
val_rmse: 0.4897691607475281
val_r2: 0.8155646920204163
test_loss: 0.25106585828157574
test_mse: 0.2514333128929138
test_mae: 0.33811357617378235
test_rmse: 0.5014312863349915
test_r2: 0.820525050163269
min_lr: 5e-06
max_lr: 0.003
total_time: 571.1801302433014
average_epoch_time: 5.711797940731048
