train_loss: 0.08062406188083128
train_accuracy: 0.9780733285406182
train_precision: 0.9785600100275913
train_recall: 0.9780733285406182
train_f1: 0.9781912595212421
val_loss: 0.11433190542844716
val_accuracy: 0.9762760603882099
val_precision: 0.9767266005823476
val_recall: 0.9762760603882099
val_f1: 0.9763740605549422
test_loss: 0.11258213833736425
test_accuracy: 0.9755571531272466
test_precision: 0.9757718664582508
test_recall: 0.9755571531272466
test_f1: 0.9755750578605291
min_lr: 1e-07
max_lr: 0.003
total_time: 130.3656041622162
average_epoch_time: 1.3036497282981871
