train_loss: 0.012538834414933272
train_accuracy: 0.9970345075485263
train_precision: 0.9970412604983689
train_recall: 0.9970345075485263
train_f1: 0.9970334541764729
val_loss: 0.0374726966494398
val_accuracy: 0.9884974838245866
val_precision: 0.9886263753875925
val_recall: 0.9884974838245866
val_f1: 0.9885029150654087
test_loss: 0.03106134486998516
test_accuracy: 0.9942487419122933
test_precision: 0.9942940558896738
test_recall: 0.9942487419122933
test_f1: 0.9942465709539454
min_lr: 1e-07
max_lr: 0.001
total_time: 306.3653085231781
average_epoch_time: 3.063647620677948
