train_loss: 0.2920840540828631
train_mse: 0.2920840382575989
train_mae: 0.3689097464084625
train_rmse: 0.540448009967804
train_r2: 0.7798272371292114
val_loss: 0.2967781801434124
val_mse: 0.30212756991386414
val_mae: 0.37449491024017334
val_rmse: 0.5496613383293152
val_r2: 0.7676987648010254
test_loss: 0.27837006265626235
test_mse: 0.28686651587486267
test_mae: 0.3703063130378723
test_rmse: 0.5355992317199707
test_r2: 0.7952325940132141
min_lr: 1e-07
max_lr: 0.01
total_time: 83.30685567855835
average_epoch_time: 0.8330638861656189
