train_loss: 1.7600397039418934
train_accuracy: 0.2161214953271028
train_precision: 0.046708500742422915
train_recall: 0.2161214953271028
train_f1: 0.07681551707111242
val_loss: 1.7581692067059604
val_accuracy: 0.2113587347232207
val_precision: 0.044704653243616464
val_recall: 0.2113587347232207
val_f1: 0.07379984324064952
test_loss: 1.7567956176671116
test_accuracy: 0.22286125089863407
test_precision: 0.04966713715210392
test_recall: 0.22286125089863407
test_f1: 0.08123102619468144
min_lr: 1e-07
max_lr: 1e-06
total_time: 480.7261002063751
average_epoch_time: 4.807255640029907
