train_loss: 0.3059837537882633
train_mse: 0.3059837222099304
train_mae: 0.38657310605049133
train_rmse: 0.5531579256057739
train_r2: 0.7693496942520142
val_loss: 0.3837738532286424
val_mse: 0.3850543797016144
val_mae: 0.4266214668750763
val_rmse: 0.6205275058746338
val_r2: 0.7039376497268677
test_loss: 0.37620279032450454
test_mse: 0.3742106854915619
test_mae: 0.4245624840259552
test_rmse: 0.6117275953292847
test_r2: 0.7328857183456421
min_lr: 7e-06
max_lr: 0.003
total_time: 470.7288234233856
average_epoch_time: 4.707284512519837
