train_loss: 0.08963739663769288
train_accuracy: 0.9770848310567937
train_precision: 0.9777458976983593
train_recall: 0.9770848310567937
train_f1: 0.9771443273637548
val_loss: 0.0995434550145133
val_accuracy: 0.9719626168224299
val_precision: 0.9732006218494923
val_recall: 0.9719626168224299
val_f1: 0.9720826020021553
test_loss: 0.07224187602035025
test_accuracy: 0.9820273184759166
test_precision: 0.9825611118362724
test_recall: 0.9820273184759166
test_f1: 0.9820947748818951
min_lr: 1e-07
max_lr: 0.03
total_time: 116.76910328865051
average_epoch_time: 1.1676868677139283
