train_loss: 0.19000464071368062
train_mse: 0.1900046318769455
train_mae: 0.29582086205482483
train_rmse: 0.4358952045440674
train_r2: 0.856774628162384
val_loss: 0.23823053280894574
val_mse: 0.2385428547859192
val_mae: 0.321988970041275
val_rmse: 0.48840850591659546
val_r2: 0.8165881037712097
test_loss: 0.24191118696561226
test_mse: 0.2415715754032135
test_mae: 0.3300154209136963
test_rmse: 0.49149930477142334
test_r2: 0.8275644779205322
min_lr: 1e-05
max_lr: 0.002
total_time: 651.6719317436218
average_epoch_time: 6.5167144632339475
