train_loss: 0.2959326834150756
train_mse: 0.29593271017074585
train_mae: 0.37085914611816406
train_rmse: 0.5439969897270203
train_r2: 0.7769261002540588
val_loss: 0.2975588806546651
val_mse: 0.298274427652359
val_mae: 0.3748428523540497
val_rmse: 0.5461450815200806
val_r2: 0.7706614136695862
test_loss: 0.28690504752672635
test_mse: 0.2882364094257355
test_mae: 0.37265080213546753
test_rmse: 0.5368765592575073
test_r2: 0.7942547798156738
min_lr: 5e-06
max_lr: 0.01
total_time: 582.3534436225891
average_epoch_time: 5.8235299468040465
