train_loss: 0.017259890401194636
train_accuracy: 0.9947879223580158
train_precision: 0.9948167246447912
train_recall: 0.9947879223580158
train_f1: 0.9947867696510383
val_loss: 0.054160166063494136
val_accuracy: 0.99137311286844
val_precision: 0.9914007232534094
val_recall: 0.99137311286844
val_f1: 0.9913683174704476
test_loss: 0.048155795950151514
test_accuracy: 0.9884974838245866
test_precision: 0.9885685737258324
test_recall: 0.9884974838245866
test_f1: 0.9884953501328964
min_lr: 0.0001
max_lr: 0.008
total_time: 473.11935925483704
average_epoch_time: 4.731190462112426
