train_loss: 0.0790131023794616
train_accuracy: 0.9798705966930266
train_precision: 0.9799564372433215
train_recall: 0.9798705966930266
train_f1: 0.9798277371031073
val_loss: 0.13282966439146549
val_accuracy: 0.9777138749101366
val_precision: 0.9778680208854916
val_recall: 0.9777138749101366
val_f1: 0.9777253624461207
test_loss: 0.07839752123056148
test_accuracy: 0.9841840402588066
test_precision: 0.9842614084767762
test_recall: 0.9841840402588066
test_f1: 0.984161007376544
min_lr: 0.0001
max_lr: 0.002
total_time: 473.48119497299194
average_epoch_time: 4.734807848930359
