train_loss: 1.3235195925993513
train_mse: 1.3235194683074951
train_mae: 0.9065496921539307
train_rmse: 1.150443196296692
train_r2: 0.0023317933082580566
val_loss: 1.2914029442347013
val_mse: 1.2950479984283447
val_mae: 0.8904099464416504
val_rmse: 1.138001799583435
val_r2: 0.004257619380950928
test_loss: 1.404857901426462
test_mse: 1.4012806415557861
test_mae: 0.936923086643219
test_rmse: 1.183756947517395
test_r2: -0.0002442598342895508
min_lr: 1e-05
max_lr: 0.01
total_time: 491.64215326309204
average_epoch_time: 4.9164177465438845
