train_loss: 0.9538983597542888
train_mse: 0.9538983702659607
train_mae: 0.7502975463867188
train_rmse: 0.9766771793365479
train_r2: 0.2809520363807678
val_loss: 1.0273044237723716
val_mse: 1.0296924114227295
val_mae: 0.7670767307281494
val_rmse: 1.014737606048584
val_r2: 0.208285391330719
test_loss: 1.0138389422343328
test_mse: 1.0132125616073608
test_mae: 0.7844217419624329
test_rmse: 1.006584644317627
test_r2: 0.276761531829834
min_lr: 1e-07
max_lr: 0.0001
total_time: 176.42098474502563
average_epoch_time: 1.7642053079605102
