train_loss: 1.2109700574957092
train_accuracy: 0.4954169662113587
train_precision: 0.5340604252025336
train_recall: 0.4954169662113587
train_f1: 0.45743417670271813
val_loss: 1.172383962707086
val_accuracy: 0.5039539899352984
val_precision: 0.5702751198173358
val_recall: 0.5039539899352984
val_f1: 0.4714915167002516
test_loss: 1.1936999288472263
test_accuracy: 0.5190510424155284
test_precision: 0.562022662065591
test_recall: 0.5190510424155284
test_f1: 0.4819495400699028
min_lr: 1e-07
max_lr: 0.0002
total_time: 111.16831374168396
average_epoch_time: 1.1116796779632567
