train_loss: 1.3279158797606017
train_mse: 1.3279160261154175
train_mae: 0.9043946862220764
train_rmse: 1.1523523330688477
train_r2: -0.0009821653366088867
val_loss: 1.2965679159531227
val_mse: 1.3005919456481934
val_mae: 0.8883112668991089
val_rmse: 1.140434980392456
val_r2: -5.125999450683594e-06
test_loss: 1.4062990656265846
test_mse: 1.4026719331741333
test_mae: 0.9338774085044861
test_rmse: 1.1843445301055908
test_r2: -0.0012373924255371094
min_lr: 1e-05
max_lr: 0.01
total_time: 315.52710008621216
average_epoch_time: 3.1552674555778504
