train_loss: 0.22805203116217324
train_mse: 0.2280520349740982
train_mae: 0.3379298150539398
train_rmse: 0.47754794359207153
train_r2: 0.8280945420265198
val_loss: 0.31383414829478545
val_mse: 0.31971311569213867
val_mae: 0.3960046172142029
val_rmse: 0.5654317736625671
val_r2: 0.7541775107383728
test_loss: 0.31072744551826925
test_mse: 0.31580850481987
test_mae: 0.3950803875923157
test_rmse: 0.5619684457778931
test_r2: 0.7745736241340637
min_lr: 1e-07
max_lr: 0.0001
total_time: 768.3600540161133
average_epoch_time: 7.683595402240753
