train_loss: 0.3243920540567054
train_mse: 0.32439208030700684
train_mae: 0.3894205093383789
train_rmse: 0.5695542693138123
train_r2: 0.7554734945297241
val_loss: 0.31713568442142925
val_mse: 0.31818413734436035
val_mae: 0.3911663889884949
val_rmse: 0.564078152179718
val_r2: 0.7553531527519226
test_loss: 0.31014912999593297
test_mse: 0.3108454644680023
test_mae: 0.39185652136802673
test_rmse: 0.5575351715087891
test_r2: 0.7781162261962891
min_lr: 2e-05
max_lr: 0.02
total_time: 365.1647787094116
average_epoch_time: 3.651643149852753
