train_loss: 0.17144870723402778
train_mse: 0.1714487075805664
train_mae: 0.2957257926464081
train_rmse: 0.4140636622905731
train_r2: 0.870762050151825
val_loss: 0.28037667625090656
val_mse: 0.28637462854385376
val_mae: 0.37720388174057007
val_rmse: 0.535139799118042
val_r2: 0.7798109650611877
test_loss: 0.2867370563394883
test_mse: 0.2852371633052826
test_mae: 0.37593063712120056
test_rmse: 0.5340759754180908
test_r2: 0.7963956594467163
min_lr: 1e-07
max_lr: 1e-05
total_time: 771.4830000400543
average_epoch_time: 7.714825716018677
