train_loss: 0.2822462499372719
train_mse: 0.28224626183509827
train_mae: 0.3620797097682953
train_rmse: 0.5312685370445251
train_r2: 0.7872429490089417
val_loss: 0.309519260245211
val_mse: 0.31586894392967224
val_mae: 0.3834090828895569
val_rmse: 0.5620222091674805
val_r2: 0.7571332454681396
test_loss: 0.3014441772418864
test_mse: 0.30106663703918457
test_mae: 0.37602943181991577
test_rmse: 0.5486953854560852
test_r2: 0.7850964665412903
min_lr: 1e-07
max_lr: 0.0005
total_time: 75.47088885307312
average_epoch_time: 0.7547052311897278
