train_loss: 0.012721705002139521
train_accuracy: 0.9966750539180446
train_precision: 0.9966874963742658
train_recall: 0.9966750539180446
train_f1: 0.9966729062951859
val_loss: 0.01652824122720631
val_accuracy: 0.9978432782171099
val_precision: 0.9978556073883177
val_recall: 0.9978432782171099
val_f1: 0.9978414870106256
test_loss: 0.04762560731151924
test_accuracy: 0.9949676491732566
test_precision: 0.9949727381900616
test_recall: 0.9949676491732566
test_f1: 0.9949646098917404
min_lr: 1e-07
max_lr: 0.001
total_time: 309.77254581451416
average_epoch_time: 3.097720341682434
