train_loss: 0.02777449482126595
train_accuracy: 0.9898454349388929
train_precision: 0.9900691729842029
train_recall: 0.9898454349388929
train_f1: 0.9898311301022936
val_loss: 0.04963627270825038
val_accuracy: 0.9899352983465133
val_precision: 0.9900088996198879
val_recall: 0.9899352983465133
val_f1: 0.9899139204361848
test_loss: 0.06703235607040949
test_accuracy: 0.9841840402588066
test_precision: 0.9844694836761889
test_recall: 0.9841840402588066
test_f1: 0.9841881996088644
min_lr: 1e-07
max_lr: 0.003
total_time: 107.30769300460815
average_epoch_time: 1.0730709099769593
