train_loss: 0.33240343018095625
train_mse: 0.33240339159965515
train_mae: 0.40312546491622925
train_rmse: 0.5765443444252014
train_r2: 0.7494345307350159
val_loss: 0.3314705263165867
val_mse: 0.3390767276287079
val_mae: 0.4068746566772461
val_rmse: 0.5823029279708862
val_r2: 0.7392891645431519
test_loss: 0.3089847082600874
test_mse: 0.3143714964389801
test_mae: 0.3960108757019043
test_rmse: 0.5606884360313416
test_r2: 0.7755993604660034
min_lr: 1e-06
max_lr: 0.01
total_time: 65.53815507888794
average_epoch_time: 0.6553781795501709
