train_loss: 0.1048962966617245
train_accuracy: 0.9585729690869877
train_precision: 0.9588619348258083
train_recall: 0.9585729690869877
train_f1: 0.9585383132661349
val_loss: 0.16940014429432762
val_accuracy: 0.9539899352983465
val_precision: 0.9548479982546569
val_recall: 0.9539899352983465
val_f1: 0.9540219442511043
test_loss: 0.18535445211455226
test_accuracy: 0.9432063263838965
test_precision: 0.9428681690766493
test_recall: 0.9432063263838965
test_f1: 0.942760623866683
min_lr: 0.0001
max_lr: 0.004
total_time: 314.4131717681885
average_epoch_time: 3.1441283321380613
