train_loss: 0.9795067677664202
train_mse: 0.9795067310333252
train_mae: 0.7721471190452576
train_rmse: 0.9897003173828125
train_r2: 0.2616484761238098
val_loss: 0.9740962954667899
val_mse: 0.9772010445594788
val_mae: 0.7638151049613953
val_rmse: 0.9885348081588745
val_r2: 0.24864518642425537
test_loss: 1.0555858323207268
test_mse: 1.0529594421386719
test_mae: 0.8009989261627197
test_rmse: 1.0261380672454834
test_r2: 0.24838989973068237
min_lr: 1e-06
max_lr: 0.0007
total_time: 170.26586508750916
average_epoch_time: 1.70265451669693
