train_loss: 0.29316169634288136
train_mse: 0.29316166043281555
train_mae: 0.3658389449119568
train_rmse: 0.5414440631866455
train_r2: 0.7790149450302124
val_loss: 0.29934581036751085
val_mse: 0.30027955770492554
val_mae: 0.3728382885456085
val_rmse: 0.5479776859283447
val_r2: 0.7691196799278259
test_loss: 0.2848514655461678
test_mse: 0.28599968552589417
test_mae: 0.36576440930366516
test_rmse: 0.5347893834114075
test_r2: 0.7958513498306274
min_lr: 1e-05
max_lr: 0.01
total_time: 515.8887972831726
average_epoch_time: 5.158883328437805
