train_loss: 0.6330353302029215
train_mse: 0.6330353617668152
train_mae: 0.5851677656173706
train_rmse: 0.7956352233886719
train_r2: 0.5228183269500732
val_loss: 0.6414259791374206
val_mse: 0.6436043977737427
val_mae: 0.5922585725784302
val_rmse: 0.8022496104240417
val_r2: 0.5051425099372864
test_loss: 0.6519941850350454
test_mse: 0.6490876078605652
test_mae: 0.5951301455497742
test_rmse: 0.8056597113609314
test_r2: 0.5366765260696411
min_lr: 5e-06
max_lr: 0.01
total_time: 541.03955078125
average_epoch_time: 5.410391435623169
