train_loss: 0.37631662166409796
train_accuracy: 0.8636772106398275
train_precision: 0.8783005399076141
train_recall: 0.8636772106398275
train_f1: 0.8665012004108228
val_loss: 0.3758046342567964
val_accuracy: 0.8691588785046729
val_precision: 0.8855905244315774
val_recall: 0.8691588785046729
val_f1: 0.8732646779599553
test_loss: 0.40218701399862766
test_accuracy: 0.8576563623292596
test_precision: 0.8753967788003361
test_recall: 0.8576563623292596
test_f1: 0.8615984490407881
min_lr: 0.0001
max_lr: 0.03
total_time: 207.15618443489075
average_epoch_time: 2.0715572381019594
