train_loss: 0.5479859670754089
train_mse: 0.5479859709739685
train_mae: 0.5340021848678589
train_rmse: 0.7402607202529907
train_r2: 0.5869284868240356
val_loss: 0.558574882378945
val_mse: 0.5602706670761108
val_mae: 0.5452219247817993
val_rmse: 0.748512327671051
val_r2: 0.5692164897918701
test_loss: 0.5436098820888079
test_mse: 0.5412954688072205
test_mae: 0.5399368405342102
test_rmse: 0.735727846622467
test_r2: 0.613619327545166
min_lr: 5e-06
max_lr: 0.008
total_time: 128.24951124191284
average_epoch_time: 1.2824918794631959
