train_loss: 0.016127493535758073
train_accuracy: 0.996135873472322
train_precision: 0.99614217482821
train_recall: 0.996135873472322
train_f1: 0.9961325865615852
val_loss: 0.02187079017577079
val_accuracy: 0.9935298346513299
val_precision: 0.9936013349125326
val_recall: 0.9935298346513299
val_f1: 0.9935374787594349
test_loss: 0.03975785878355964
test_accuracy: 0.9964054636951833
test_precision: 0.9964197570817759
test_recall: 0.9964054636951833
test_f1: 0.9964034823771503
min_lr: 0.0003
max_lr: 0.01
total_time: 240.10422444343567
average_epoch_time: 2.4010390996932984
