train_loss: 0.019619510616331385
train_accuracy: 0.9953271028037384
train_precision: 0.9953368832522657
train_recall: 0.9953271028037384
train_f1: 0.9953262039102682
val_loss: 0.029824077420264737
val_accuracy: 0.9942487419122933
val_precision: 0.9942712731360592
val_recall: 0.9942487419122933
val_f1: 0.9942455251663566
test_loss: 0.053969481042506894
test_accuracy: 0.9942487419122933
test_precision: 0.9942661259565967
test_recall: 0.9942487419122933
test_f1: 0.9942464058452645
min_lr: 1e-07
max_lr: 0.006
total_time: 101.6314754486084
average_epoch_time: 1.0163089609146119
