train_loss: 0.5347968387569106
train_mse: 0.5347968339920044
train_mae: 0.546478271484375
train_rmse: 0.73129802942276
train_r2: 0.5968704223632812
val_loss: 0.5628166173513119
val_mse: 0.5642380118370056
val_mae: 0.5648415684700012
val_rmse: 0.7511577606201172
val_r2: 0.5661661028862
test_loss: 0.5187292601053531
test_mse: 0.5176460146903992
test_mae: 0.5411413311958313
test_rmse: 0.7194762229919434
test_r2: 0.6305005550384521
min_lr: 0.0008
max_lr: 0.2
total_time: 393.2275960445404
average_epoch_time: 3.9322720646858214
