train_loss: 0.01582197337911148
train_accuracy: 0.9945183321351546
train_precision: 0.9946038528482092
train_recall: 0.9945183321351546
train_f1: 0.9945212761587368
val_loss: 0.016543908497624216
val_accuracy: 0.9964054636951833
val_precision: 0.9964440627427518
val_recall: 0.9964054636951833
val_f1: 0.9964047478580647
test_loss: 0.03450213708017393
test_accuracy: 0.9928109273903667
test_precision: 0.9929072290264493
test_recall: 0.9928109273903667
test_f1: 0.9928114431692655
min_lr: 0.0001
max_lr: 0.002
total_time: 263.47214221954346
average_epoch_time: 2.634717357158661
