train_loss: 0.10095383452208734
train_accuracy: 0.9708842559309849
train_precision: 0.971408766067933
train_recall: 0.9708842559309849
train_f1: 0.9708580317100184
val_loss: 0.1347224097698927
val_accuracy: 0.9669302659956865
val_precision: 0.9675907575684997
val_recall: 0.9669302659956865
val_f1: 0.9669305435294081
test_loss: 0.11163272760512138
test_accuracy: 0.9705248023005032
test_precision: 0.9710588780892796
test_recall: 0.9705248023005032
test_f1: 0.970440836622097
min_lr: 8e-05
max_lr: 0.002
total_time: 342.08739471435547
average_epoch_time: 3.420870449542999
