train_loss: 0.16391167899422432
train_accuracy: 0.9468008626887131
train_precision: 0.9513986250032673
train_recall: 0.9468008626887131
train_f1: 0.9472549026853302
val_loss: 0.16546177349730648
val_accuracy: 0.9460819554277499
val_precision: 0.9516337293072352
val_recall: 0.9460819554277499
val_f1: 0.9467878347301815
test_loss: 0.15428333551707593
test_accuracy: 0.9475197699496765
test_precision: 0.9521054435804218
test_recall: 0.9475197699496765
test_f1: 0.9479648340163572
min_lr: 2e-05
max_lr: 0.02
total_time: 537.1398618221283
average_epoch_time: 5.371394391059876
