train_loss: 0.09990523385909177
train_mse: 0.09990523755550385
train_mae: 0.23273462057113647
train_rmse: 0.3160778880119324
train_r2: 0.9246914982795715
val_loss: 0.27975878820699807
val_mse: 0.28662344813346863
val_mae: 0.37264347076416016
val_rmse: 0.535372257232666
val_r2: 0.7796196341514587
test_loss: 0.26536160795127645
test_mse: 0.2709696292877197
test_mae: 0.3655191659927368
test_rmse: 0.5205474495887756
test_r2: 0.8065799474716187
min_lr: 1e-07
max_lr: 0.0001
total_time: 1093.130212545395
average_epoch_time: 10.93129712343216
