train_loss: 0.11901057496313648
train_accuracy: 0.9569554277498202
train_precision: 0.957445805032047
train_recall: 0.9569554277498202
train_f1: 0.956807844372257
val_loss: 0.20695376995188947
val_accuracy: 0.9511143062544932
val_precision: 0.9528981650540446
val_recall: 0.9511143062544932
val_f1: 0.9510722291521875
test_loss: 0.17874551325274463
test_accuracy: 0.9381739755571531
test_precision: 0.9398274206278373
test_recall: 0.9381739755571531
test_f1: 0.9375712645960788
min_lr: 1e-06
max_lr: 0.01
total_time: 70.76980233192444
average_epoch_time: 0.7076934933662414
