train_loss: 0.3207570441581052
train_accuracy: 0.9893062544931703
train_precision: 0.9898334248897367
train_recall: 0.9893062544931703
train_f1: 0.9893332744510902
val_loss: 0.5522103465416215
val_accuracy: 0.9482386772106398
val_precision: 0.9513954866830706
val_recall: 0.9482386772106398
val_f1: 0.9484336159794643
test_loss: 0.5184935910457914
test_accuracy: 0.9446441409058232
test_precision: 0.947180948079629
test_recall: 0.9446441409058232
test_f1: 0.9442956871092908
min_lr: 1e-07
max_lr: 1e-05
total_time: 355.31965827941895
average_epoch_time: 3.553191578388214
