train_loss: 0.06616101252247197
train_mse: 0.06616101413965225
train_mae: 0.19694238901138306
train_rmse: 0.2572178244590759
train_r2: 0.9501278400421143
val_loss: 0.24860841345328552
val_mse: 0.2495066076517105
val_mae: 0.3393843472003937
val_rmse: 0.4995063543319702
val_r2: 0.8081582188606262
test_loss: 0.26280171389763174
test_mse: 0.2622138261795044
test_mae: 0.34661179780960083
test_rmse: 0.5120682120323181
test_r2: 0.812829852104187
min_lr: 1e-06
max_lr: 0.0005
total_time: 1683.2908189296722
average_epoch_time: 16.83290457010269
