train_loss: 0.05558404677959652
train_accuracy: 0.9867900790797987
train_precision: 0.9868368892243378
train_recall: 0.9867900790797987
train_f1: 0.986784907736526
val_loss: 0.06376633911118419
val_accuracy: 0.98705966930266
val_precision: 0.9871608031489025
val_recall: 0.98705966930266
val_f1: 0.9870649146593499
test_loss: 0.0567512210955928
test_accuracy: 0.9849029475197699
test_precision: 0.9849937881303242
test_recall: 0.9849029475197699
test_f1: 0.9849093044595958
min_lr: 5e-05
max_lr: 0.03
total_time: 309.18407940864563
average_epoch_time: 3.091836104393005
