train_loss: 0.26546274088034333
train_mse: 0.2654627561569214
train_mae: 0.3481772541999817
train_rmse: 0.5152307748794556
train_r2: 0.7998943328857422
val_loss: 0.2796066221136313
val_mse: 0.28020745515823364
val_mae: 0.3565382659435272
val_rmse: 0.529346227645874
val_r2: 0.784552812576294
test_loss: 0.25734832114898243
test_mse: 0.258588969707489
test_mae: 0.34414413571357727
test_rmse: 0.5085164308547974
test_r2: 0.8154172897338867
min_lr: 1e-05
max_lr: 0.01
total_time: 514.1943089962006
average_epoch_time: 5.141938662528991
