train_loss: 1.6984648399654476
train_accuracy: 0.3448957584471603
train_precision: 0.2574652659219394
train_recall: 0.3448957584471603
train_f1: 0.24389494887876723
val_loss: 1.6950366334481672
val_accuracy: 0.36089144500359455
val_precision: 0.283692146921337
val_recall: 0.36089144500359455
val_f1: 0.26586961180739016
test_loss: 1.696244941516356
test_accuracy: 0.3486700215672178
test_precision: 0.26673587725604453
test_recall: 0.3486700215672178
test_f1: 0.24787482363473057
min_lr: 1e-07
max_lr: 0.2
total_time: 116.81928157806396
average_epoch_time: 1.1681875991821289
