train_loss: 0.3464657380859288
train_mse: 0.34646573662757874
train_mae: 0.40868815779685974
train_rmse: 0.5886133909225464
train_r2: 0.7388343811035156
val_loss: 0.3509574051086719
val_mse: 0.3520907163619995
val_mae: 0.4119158089160919
val_rmse: 0.5933723449707031
val_r2: 0.7292828559875488
test_loss: 0.3332034065173222
test_mse: 0.333943635225296
test_mae: 0.4071468114852905
test_rmse: 0.5778785347938538
test_r2: 0.7616286277770996
min_lr: 2e-05
max_lr: 0.03
total_time: 349.47678208351135
average_epoch_time: 3.4947628283500674
