train_loss: 0.1868714513257146
train_mse: 0.1868714541196823
train_mae: 0.29615214467048645
train_rmse: 0.4322863221168518
train_r2: 0.8591364026069641
val_loss: 0.23074866705215893
val_mse: 0.23120470345020294
val_mae: 0.3233167827129364
val_rmse: 0.48083749413490295
val_r2: 0.8222302794456482
test_loss: 0.2425409346818924
test_mse: 0.24152162671089172
test_mae: 0.3299240171909332
test_rmse: 0.4914484918117523
test_r2: 0.8276001214981079
min_lr: 5e-05
max_lr: 0.002
total_time: 661.6460709571838
average_epoch_time: 6.61645635843277
