train_loss: 0.5395341461250024
train_mse: 0.5395341515541077
train_mae: 0.5260204672813416
train_rmse: 0.7345299124717712
train_r2: 0.5932994484901428
val_loss: 0.5843101824705418
val_mse: 0.5859954357147217
val_mae: 0.5479445457458496
val_rmse: 0.7655034065246582
val_r2: 0.5494371652603149
test_loss: 0.5667768582701683
test_mse: 0.5654698014259338
test_mae: 0.5344700217247009
test_rmse: 0.751977264881134
test_r2: 0.5963635444641113
min_lr: 1e-07
max_lr: 0.001
total_time: 147.91912961006165
average_epoch_time: 1.4791863822937013
