train_loss: 0.7927582231602928
train_mse: 0.7927582263946533
train_mae: 0.6788325309753418
train_rmse: 0.890369713306427
train_r2: 0.4024193286895752
val_loss: 0.8317188437168415
val_mse: 0.8346490859985352
val_mae: 0.6933435201644897
val_rmse: 0.9135913252830505
val_r2: 0.3582512140274048
test_loss: 0.9081822807972247
test_mse: 0.9069253206253052
test_mae: 0.7257627248764038
test_rmse: 0.952326238155365
test_r2: 0.352630078792572
min_lr: 1e-07
max_lr: 0.001
total_time: 172.4163694381714
average_epoch_time: 1.7241599822044373
