train_loss: 0.007878622831245677
train_accuracy: 0.9979331416247305
train_precision: 0.9979422702809049
train_recall: 0.9979331416247305
train_f1: 0.9979325543295229
val_loss: 0.05008010175052649
val_accuracy: 0.9877785765636233
val_precision: 0.987882879742588
val_recall: 0.9877785765636233
val_f1: 0.9877753332683176
test_loss: 0.061991508679718456
test_accuracy: 0.9849029475197699
test_precision: 0.9849736958105179
test_recall: 0.9849029475197699
test_f1: 0.9848733990167777
min_lr: 1e-07
max_lr: 0.0005
total_time: 1133.110372543335
average_epoch_time: 11.331099243164063
