train_loss: 0.43455140087609145
train_mse: 0.4345514178276062
train_mae: 0.4693506062030792
train_rmse: 0.6592051386833191
train_r2: 0.6724354028701782
val_loss: 0.43983449041843414
val_mse: 0.4416569769382477
val_mae: 0.4728531837463379
val_rmse: 0.6645727753639221
val_r2: 0.6604167222976685
test_loss: 0.4220065452731573
test_mse: 0.42311155796051025
test_mae: 0.46395766735076904
test_rmse: 0.6504702568054199
test_r2: 0.6979799270629883
min_lr: 5e-06
max_lr: 0.02
total_time: 1057.0662078857422
average_epoch_time: 10.570658180713654
