train_loss: 0.3841982276229433
train_mse: 0.38419824838638306
train_mae: 0.4458373785018921
train_rmse: 0.6198372840881348
train_r2: 0.710391640663147
val_loss: 0.3917269584078055
val_mse: 0.3930969834327698
val_mae: 0.4531831741333008
val_rmse: 0.6269744634628296
val_r2: 0.6977537870407104
test_loss: 0.36942695746055015
test_mse: 0.3695603013038635
test_mae: 0.4391236901283264
test_rmse: 0.6079146862030029
test_r2: 0.7362051606178284
min_lr: 5e-06
max_lr: 0.02
total_time: 584.6954967975616
average_epoch_time: 5.846950447559356
