train_loss: 0.06322919656174664
train_accuracy: 0.9879583033788641
train_precision: 0.9879876812511436
train_recall: 0.9879583033788641
train_f1: 0.987953902462423
val_loss: 0.06514057390053164
val_accuracy: 0.9877785765636233
val_precision: 0.9878686870580207
val_recall: 0.9877785765636233
val_f1: 0.9877985070389123
test_loss: 0.05358163357331333
test_accuracy: 0.9906542056074766
test_precision: 0.9907204252172809
test_recall: 0.9906542056074766
test_f1: 0.9906616065629557
min_lr: 0.0001
max_lr: 0.01
total_time: 396.1486005783081
average_epoch_time: 3.9614825439453125
