train_loss: 0.34598754044493724
train_accuracy: 0.8873112868439971
train_precision: 0.8934720453513206
train_recall: 0.8873112868439971
train_f1: 0.8880625961584898
val_loss: 0.34297195517204027
val_accuracy: 0.895039539899353
val_precision: 0.9001436225793088
val_recall: 0.895039539899353
val_f1: 0.8964516735027093
test_loss: 0.3307421984659
test_accuracy: 0.8900071890726097
test_precision: 0.8995208311005687
test_recall: 0.8900071890726097
test_f1: 0.8916486745097644
min_lr: 0.0001
max_lr: 0.045
total_time: 372.690105676651
average_epoch_time: 3.726895799636841
