train_loss: 0.38710571519395176
train_mse: 0.3871057331562042
train_mae: 0.4417516887187958
train_rmse: 0.6221781969070435
train_r2: 0.7081999778747559
val_loss: 0.3929010331630707
val_mse: 0.3941511809825897
val_mae: 0.4464994966983795
val_rmse: 0.6278145909309387
val_r2: 0.6969432830810547
test_loss: 0.36661105637366953
test_mse: 0.36717820167541504
test_mae: 0.4359085261821747
test_rmse: 0.6059523224830627
test_r2: 0.7379055023193359
min_lr: 0.0001
max_lr: 0.08
total_time: 203.6112699508667
average_epoch_time: 2.0361090517044067
