train_loss: 0.17667301062696664
train_mse: 0.17667299509048462
train_mae: 0.29030320048332214
train_rmse: 0.4203248620033264
train_r2: 0.8668240308761597
val_loss: 0.23141877177883596
val_mse: 0.23631229996681213
val_mae: 0.3208528161048889
val_rmse: 0.4861196279525757
val_r2: 0.818303108215332
test_loss: 0.2551208348835216
test_mse: 0.24979355931282043
test_mae: 0.3335617482662201
test_rmse: 0.49979352951049805
test_r2: 0.8216955661773682
min_lr: 5e-05
max_lr: 0.001
total_time: 198.65317487716675
average_epoch_time: 1.9865277266502381
