train_loss: 1.328105556756951
train_mse: 1.3281055688858032
train_mae: 0.9039704203605652
train_rmse: 1.1524345874786377
train_r2: -0.0011252164840698242
val_loss: 1.296566799053779
val_mse: 1.3006114959716797
val_mae: 0.8878074288368225
val_rmse: 1.1404435634613037
val_r2: -2.014636993408203e-05
test_loss: 1.4065322830126836
test_mse: 1.402889609336853
test_mae: 0.9334556460380554
test_rmse: 1.1844364404678345
test_r2: -0.0013928413391113281
min_lr: 2e-06
max_lr: 0.005
total_time: 472.69803261756897
average_epoch_time: 4.726977038383484
