train_loss: 1.3281565116819485
train_mse: 1.3281564712524414
train_mae: 0.9038615822792053
train_rmse: 1.1524567604064941
train_r2: -0.0011636018753051758
val_loss: 1.296568605533013
val_mse: 1.3006186485290527
val_mae: 0.8876781463623047
val_rmse: 1.140446662902832
val_r2: -2.5510787963867188e-05
test_loss: 1.4065944579931406
test_mse: 1.4029479026794434
test_mae: 0.9333479404449463
test_rmse: 1.184460997581482
test_r2: -0.0014344453811645508
min_lr: 5e-05
max_lr: 0.01
total_time: 385.3472685813904
average_epoch_time: 3.8534689068794252
