train_loss: 0.027973792070398126
train_accuracy: 0.9935298346513299
train_precision: 0.9935802418565677
train_recall: 0.9935298346513299
train_f1: 0.9935336053292946
val_loss: 0.033528176024860426
val_accuracy: 0.9935298346513299
val_precision: 0.9935721186706012
val_recall: 0.9935298346513299
val_f1: 0.9935308460176859
test_loss: 0.05553355463912753
test_accuracy: 0.9899352983465133
test_precision: 0.9899848020107124
test_recall: 0.9899352983465133
test_f1: 0.989924230288466
min_lr: 1e-06
max_lr: 0.005
total_time: 110.1516752243042
average_epoch_time: 1.1015111804008484
