train_loss: 0.013566366456222891
train_accuracy: 0.996764917325665
train_precision: 0.9967770220346369
train_recall: 0.996764917325665
train_f1: 0.996765273977109
val_loss: 0.024289962361349768
val_accuracy: 0.9942487419122933
val_precision: 0.9942799364899737
val_recall: 0.9942487419122933
val_f1: 0.9942468879664096
test_loss: 0.030309029907750137
test_accuracy: 0.9935298346513299
test_precision: 0.9935666613254657
test_recall: 0.9935298346513299
test_f1: 0.993528416316644
min_lr: 0.0001
max_lr: 0.005
total_time: 373.5502474308014
average_epoch_time: 3.7354974150657654
