train_loss: 0.05460842760900656
train_mse: 0.054608430713415146
train_mae: 0.1756906658411026
train_rmse: 0.2336844652891159
train_r2: 0.9588361978530884
val_loss: 0.2408044538818873
val_mse: 0.2415034919977188
val_mae: 0.3263915777206421
val_rmse: 0.49143004417419434
val_r2: 0.814311683177948
test_loss: 0.24770116336070575
test_mse: 0.24603387713432312
test_mae: 0.3348679840564728
test_rmse: 0.49601802229881287
test_r2: 0.8243792057037354
min_lr: 1e-06
max_lr: 0.0005
total_time: 1675.9382500648499
average_epoch_time: 16.759378542900084
