train_loss: 0.375994818327927
train_accuracy: 0.8737419122933142
train_precision: 0.8839175975789498
train_recall: 0.8737419122933142
train_f1: 0.8757284284768888
val_loss: 0.3918326888233423
val_accuracy: 0.8684399712437095
val_precision: 0.8872663006830767
val_recall: 0.8684399712437095
val_f1: 0.8720188151109065
test_loss: 0.36624961820515717
test_accuracy: 0.875629043853343
test_precision: 0.8868428690173853
test_recall: 0.875629043853343
test_f1: 0.8780683982684118
min_lr: 1e-06
max_lr: 0.02
total_time: 726.031840801239
average_epoch_time: 7.260313446521759
