train_loss: 0.19842800882808617
train_accuracy: 0.9916427030913012
train_precision: 0.9916955520275861
train_recall: 0.9916427030913012
train_f1: 0.9916380508583302
val_loss: 0.024432956891938706
val_accuracy: 0.9928109273903667
val_precision: 0.9928653301523229
val_recall: 0.9928109273903667
val_f1: 0.9928085308397402
test_loss: 0.11122813710508953
test_accuracy: 0.9942487419122933
test_precision: 0.994257051757452
test_recall: 0.9942487419122933
test_f1: 0.9942459722722506
min_lr: 0.0001
max_lr: 0.0015
total_time: 463.37743973731995
average_epoch_time: 4.633769776821136
