train_loss: 0.012669080519870101
train_accuracy: 0.996764917325665
train_precision: 0.9967761533899804
train_recall: 0.996764917325665
train_f1: 0.9967623359583282
val_loss: 0.024100008213612124
val_accuracy: 0.9928109273903667
val_precision: 0.9928340436180423
val_recall: 0.9928109273903667
val_f1: 0.992810059201683
test_loss: 0.02479081377036478
test_accuracy: 0.9949676491732566
test_precision: 0.9950019319684462
test_recall: 0.9949676491732566
test_f1: 0.9949697632024544
min_lr: 0.0003
max_lr: 0.01
total_time: 222.5066032409668
average_epoch_time: 2.225062255859375
