train_loss: 0.16145156359285578
train_mse: 0.1614515632390976
train_mae: 0.2724038362503052
train_rmse: 0.40181034803390503
train_r2: 0.8782979249954224
val_loss: 0.22091422241467695
val_mse: 0.22150276601314545
val_mae: 0.30741018056869507
val_rmse: 0.47064080834388733
val_r2: 0.8296899795532227
test_loss: 0.22612799119490842
test_mse: 0.22598490118980408
test_mae: 0.317095011472702
test_rmse: 0.47537869215011597
test_r2: 0.8386903405189514
min_lr: 1e-05
max_lr: 0.002
total_time: 1168.3308510780334
average_epoch_time: 11.683303501605987
