train_loss: 1.328647680176321
train_mse: 1.3286477327346802
train_mae: 0.9029010534286499
train_rmse: 1.1526697874069214
train_r2: -0.0015337467193603516
val_loss: 1.2966222460453327
val_mse: 1.3007196187973022
val_mae: 0.886530339717865
val_rmse: 1.140491008758545
val_r2: -0.00010323524475097656
test_loss: 1.4071854435480557
test_mse: 1.4035035371780396
test_mae: 0.9324027895927429
test_rmse: 1.1846956014633179
test_r2: -0.0018310546875
min_lr: 1e-05
max_lr: 0.003
total_time: 130.8321361541748
average_epoch_time: 1.3083180618286132
