train_loss: 1.1644777523339256
train_mse: 1.164477825164795
train_mae: 0.8325235247612
train_rmse: 1.079109787940979
train_r2: 0.12221735715866089
val_loss: 1.164907573736631
val_mse: 1.165590763092041
val_mae: 0.8292173743247986
val_rmse: 1.0796252489089966
val_r2: 0.10379528999328613
test_loss: 1.2525057875193082
test_mse: 1.2514371871948242
test_mae: 0.8677374124526978
test_rmse: 1.1186765432357788
test_r2: 0.10671508312225342
min_lr: 2e-05
max_lr: 0.01
total_time: 323.82566928863525
average_epoch_time: 3.2382528948783875
