train_loss: 0.21038692845248205
train_mse: 0.21038691699504852
train_mae: 0.3147451877593994
train_rmse: 0.45867952704429626
train_r2: 0.8414105176925659
val_loss: 0.2383406156530747
val_mse: 0.2385890930891037
val_mae: 0.33002713322639465
val_rmse: 0.4884558320045471
val_r2: 0.8165525197982788
test_loss: 0.24931701054939856
test_mse: 0.24815596640110016
test_mae: 0.3390216827392578
test_rmse: 0.49815255403518677
test_r2: 0.8228644728660583
min_lr: 1e-05
max_lr: 0.003
total_time: 679.0397846698761
average_epoch_time: 6.79039320230484
