train_loss: 0.18431740773971692
train_mse: 0.1843174248933792
train_mae: 0.3023035526275635
train_rmse: 0.4293220639228821
train_r2: 0.8610616326332092
val_loss: 0.2223989148350323
val_mse: 0.22675815224647522
val_mae: 0.324625164270401
val_rmse: 0.47619131207466125
val_r2: 0.8256491422653198
test_loss: 0.2414662066627951
test_mse: 0.24533557891845703
test_mae: 0.3394486904144287
test_rmse: 0.4953136146068573
test_r2: 0.8248776793479919
min_lr: 5e-05
max_lr: 0.002
total_time: 200.96591711044312
average_epoch_time: 2.0096556043624876
