train_loss: 0.2583613296349843
train_mse: 0.2583613395690918
train_mae: 0.34779685735702515
train_rmse: 0.508292555809021
train_r2: 0.8052473664283752
val_loss: 0.32543932164416595
val_mse: 0.3327871859073639
val_mae: 0.38957953453063965
val_rmse: 0.5768771171569824
val_r2: 0.7441250681877136
test_loss: 0.423452649046393
test_mse: 0.39257729053497314
test_mae: 0.3978827893733978
test_rmse: 0.6265599131584167
test_r2: 0.7197754383087158
min_lr: 1e-07
max_lr: 0.001
total_time: 79.50581192970276
average_epoch_time: 0.7950544261932373
