train_loss: 0.8820185490356859
train_mse: 0.882018506526947
train_mae: 0.7263236045837402
train_rmse: 0.9391583800315857
train_r2: 0.33513498306274414
val_loss: 0.8844169314091023
val_mse: 0.8877227306365967
val_mae: 0.7251957058906555
val_rmse: 0.942190408706665
val_r2: 0.3174436688423157
test_loss: 0.9552543057845189
test_mse: 0.9505553841590881
test_mae: 0.7606489658355713
test_rmse: 0.9749643206596375
test_r2: 0.3214866518974304
min_lr: 1e-07
max_lr: 0.0005
total_time: 170.53155088424683
average_epoch_time: 1.7053119111061097
