train_loss: 0.04133661074199896
train_accuracy: 0.995057512580877
train_precision: 0.9951031476410546
train_recall: 0.995057512580877
train_f1: 0.9950603342698534
val_loss: 0.22574349695985968
val_accuracy: 0.9388928828181164
val_precision: 0.9405891085580753
val_recall: 0.9388928828181164
val_f1: 0.9389101204782027
test_loss: 0.1901234955611554
test_accuracy: 0.9554277498202732
test_precision: 0.9569701178305484
test_recall: 0.9554277498202732
test_f1: 0.955470850376367
min_lr: 1e-07
max_lr: 2e-05
total_time: 358.55033016204834
average_epoch_time: 3.5854972624778747
