train_loss: 0.5380654691090417
train_mse: 0.538065493106842
train_mae: 0.5302960276603699
train_rmse: 0.7335294485092163
train_r2: 0.5944065451622009
val_loss: 0.5781876361140839
val_mse: 0.5795112252235413
val_mae: 0.5527932643890381
val_rmse: 0.7612563371658325
val_r2: 0.5544227361679077
test_loss: 0.5647719064584145
test_mse: 0.5640404224395752
test_mae: 0.5428445339202881
test_rmse: 0.7510262727737427
test_r2: 0.5973838567733765
min_lr: 2e-06
max_lr: 0.001
total_time: 168.30200505256653
average_epoch_time: 1.6830157589912416
