train_loss: 0.21094313511175328
train_accuracy: 0.9236161035226456
train_precision: 0.9388821403937495
train_recall: 0.9236161035226456
train_f1: 0.9247537017495874
val_loss: 0.2290639052675529
val_accuracy: 0.9166067577282531
val_precision: 0.9374486060158086
val_recall: 0.9166067577282531
val_f1: 0.9190624151023994
test_loss: 0.21194901757619597
test_accuracy: 0.9166067577282531
test_precision: 0.9388941818664971
test_recall: 0.9166067577282531
test_f1: 0.9189603063118271
min_lr: 0.0001
max_lr: 0.03
total_time: 261.78112173080444
average_epoch_time: 2.617806680202484
