train_loss: 0.355426215270693
train_mse: 0.35542622208595276
train_mae: 0.4209434390068054
train_rmse: 0.5961763262748718
train_r2: 0.7320799827575684
val_loss: 0.3665022772092086
val_mse: 0.36752811074256897
val_mae: 0.42603635787963867
val_rmse: 0.60624098777771
val_r2: 0.7174133062362671
test_loss: 0.33948827936099124
test_mse: 0.3402681052684784
test_mae: 0.412901371717453
test_rmse: 0.5833250284194946
test_r2: 0.7571141719818115
min_lr: 1e-05
max_lr: 0.02
total_time: 183.5030119419098
average_epoch_time: 1.8350259518623353
