train_loss: 0.28650885404542437
train_mse: 0.28650882840156555
train_mae: 0.3642643988132477
train_rmse: 0.5352652072906494
train_r2: 0.7840297818183899
val_loss: 0.2948514906799092
val_mse: 0.3019714951515198
val_mae: 0.3733733296394348
val_rmse: 0.5495193600654602
val_r2: 0.767818808555603
test_loss: 0.2727367409011897
test_mse: 0.281856507062912
test_mae: 0.3631002604961395
test_rmse: 0.5309016108512878
test_r2: 0.7988088130950928
min_lr: 1e-06
max_lr: 0.03
total_time: 71.37943243980408
average_epoch_time: 0.7137895131111145
