train_loss: 0.5620468882627265
train_mse: 0.5620468854904175
train_mae: 0.5320814847946167
train_rmse: 0.7496978640556335
train_r2: 0.5763294100761414
val_loss: 0.5913935565031492
val_mse: 0.5934133529663086
val_mae: 0.5486674308776855
val_rmse: 0.7703332901000977
val_r2: 0.5437335968017578
test_loss: 0.5829580990167764
test_mse: 0.5826646685600281
test_mae: 0.5460854172706604
test_rmse: 0.7633247375488281
test_r2: 0.5840897560119629
min_lr: 1e-06
max_lr: 0.001
total_time: 142.83122897148132
average_epoch_time: 1.4283084750175477
