train_loss: 0.2371435568833998
train_mse: 0.23714356124401093
train_mae: 0.3305914103984833
train_rmse: 0.4869738817214966
train_r2: 0.8212413191795349
val_loss: 0.2765592594559376
val_mse: 0.2769864499568939
val_mae: 0.3539862036705017
val_rmse: 0.526295006275177
val_r2: 0.7870293855667114
test_loss: 0.3099253787444188
test_mse: 0.310493528842926
test_mae: 0.359029084444046
test_rmse: 0.5572194457054138
test_r2: 0.7783674597740173
min_lr: 1e-06
max_lr: 0.001
total_time: 192.3689968585968
average_epoch_time: 1.9236867117881775
