train_loss: 0.5562728556205135
train_mse: 0.5562729239463806
train_mae: 0.537785530090332
train_rmse: 0.7458370923995972
train_r2: 0.5806818008422852
val_loss: 0.5917883249429556
val_mse: 0.5936702489852905
val_mae: 0.5585821866989136
val_rmse: 0.7705000042915344
val_r2: 0.5435360670089722
test_loss: 0.5769990875170781
test_mse: 0.5767407417297363
test_mae: 0.5500319004058838
test_rmse: 0.7594344615936279
test_r2: 0.5883182287216187
min_lr: 1e-07
max_lr: 0.0001
total_time: 204.3272225856781
average_epoch_time: 2.043268311023712
