train_loss: 1.296007120794104
train_mse: 1.2960070371627808
train_mae: 0.8879992961883545
train_rmse: 1.1384230852127075
train_r2: 0.02307063341140747
val_loss: 1.2673783329816966
val_mse: 1.2714259624481201
val_mae: 0.8723939657211304
val_rmse: 1.1275752782821655
val_r2: 0.022420227527618408
test_loss: 1.3786809939604538
test_mse: 1.3749165534973145
test_mae: 0.9210711717605591
test_rmse: 1.1725683212280273
test_r2: 0.018574535846710205
min_lr: 1e-05
max_lr: 0.01
total_time: 360.05061531066895
average_epoch_time: 3.6005025196075437
