train_loss: 0.5246945298457331
train_mse: 0.5246945023536682
train_mae: 0.5262314081192017
train_rmse: 0.7243580222129822
train_r2: 0.6044856309890747
val_loss: 0.5334197721060585
val_mse: 0.5432747006416321
val_mae: 0.5428162813186646
val_rmse: 0.737071692943573
val_r2: 0.5822844505310059
test_loss: 0.5140948839047376
test_mse: 0.5084332227706909
test_mae: 0.5221235156059265
test_rmse: 0.713045060634613
test_r2: 0.6370766758918762
min_lr: 1e-07
max_lr: 8e-05
total_time: 72.68355202674866
average_epoch_time: 0.7268319392204284
