train_loss: 0.30281926606341386
train_mse: 0.30281928181648254
train_mae: 0.37852561473846436
train_rmse: 0.5502901673316956
train_r2: 0.7717350125312805
val_loss: 0.31298628036792464
val_mse: 0.31403717398643494
val_mae: 0.3851495683193207
val_rmse: 0.5603901743888855
val_r2: 0.7585417032241821
test_loss: 0.28780810168156257
test_mse: 0.2888937294483185
test_mae: 0.3731279671192169
test_rmse: 0.5374883413314819
test_r2: 0.793785572052002
min_lr: 5e-06
max_lr: 0.02
total_time: 511.152574300766
average_epoch_time: 5.111521301269531
