train_loss: 0.561122792866803
train_mse: 0.5611228346824646
train_mae: 0.5348071455955505
train_rmse: 0.7490813136100769
train_r2: 0.5770260095596313
val_loss: 0.5943047340099629
val_mse: 0.596329927444458
val_mae: 0.5519607067108154
val_rmse: 0.7722240090370178
val_r2: 0.5414911508560181
test_loss: 0.5783245999079484
test_mse: 0.5779152512550354
test_mae: 0.5439748764038086
test_rmse: 0.7602073550224304
test_r2: 0.5874798893928528
min_lr: 1e-07
max_lr: 0.0005
total_time: 122.83094143867493
average_epoch_time: 1.2283055543899537
