train_loss: 0.022713057447931374
train_accuracy: 0.9925413371675054
train_precision: 0.99261958408291
train_recall: 0.9925413371675054
train_f1: 0.9925343751030864
val_loss: 0.047588438076094135
val_accuracy: 0.9877785765636233
val_precision: 0.9878702261132454
val_recall: 0.9877785765636233
val_f1: 0.987771102998428
test_loss: 0.0405603237582413
test_accuracy: 0.9906542056074766
test_precision: 0.9907171218329122
test_recall: 0.9906542056074766
test_f1: 0.9906409961785799
min_lr: 1e-07
max_lr: 0.001
total_time: 251.1183958053589
average_epoch_time: 2.511179976463318
