train_loss: 0.3022999923329714
train_mse: 0.30230000615119934
train_mae: 0.3785986602306366
train_rmse: 0.5498181581497192
train_r2: 0.7721264362335205
val_loss: 0.31143353501191506
val_mse: 0.3123020529747009
val_mae: 0.3855968117713928
val_rmse: 0.5588399171829224
val_r2: 0.7598757743835449
test_loss: 0.2950775208381506
test_mse: 0.2960195541381836
test_mae: 0.37718459963798523
test_rmse: 0.5440768003463745
test_r2: 0.7886990904808044
min_lr: 5e-06
max_lr: 0.02
total_time: 519.9197025299072
average_epoch_time: 5.199192938804626
