train_loss: 0.8286062475553778
train_mse: 0.8286062479019165
train_mae: 0.700286865234375
train_rmse: 0.9102781414985657
train_r2: 0.3753971457481384
val_loss: 0.8587173095116248
val_mse: 0.861070454120636
val_mae: 0.7086929082870483
val_rmse: 0.9279388189315796
val_r2: 0.3379362225532532
test_loss: 0.907194178379499
test_mse: 0.9049392938613892
test_mae: 0.7385419607162476
test_rmse: 0.9512829780578613
test_r2: 0.3540477752685547
min_lr: 1e-07
max_lr: 3e-05
total_time: 212.56575465202332
average_epoch_time: 2.1256526160240172
