train_loss: 0.2906935841220525
train_mse: 0.29069358110427856
train_mae: 0.3665562868118286
train_rmse: 0.5391600728034973
train_r2: 0.7808753252029419
val_loss: 0.29661143399201906
val_mse: 0.29749545454978943
val_mae: 0.3685196340084076
val_rmse: 0.5454314351081848
val_r2: 0.7712603211402893
test_loss: 0.27946549780093705
test_mse: 0.2803294360637665
test_mae: 0.36412325501441956
test_rmse: 0.5294614434242249
test_r2: 0.7998988032341003
min_lr: 5e-05
max_lr: 0.02
total_time: 416.0546429157257
average_epoch_time: 4.160541870594025
