train_loss: 0.02194699441047985
train_accuracy: 0.9938892882818117
train_precision: 0.9939124224226753
train_recall: 0.9938892882818117
train_f1: 0.9938868251719822
val_loss: 0.014187115958934142
val_accuracy: 0.9971243709561467
val_precision: 0.997124219882892
val_recall: 0.9971243709561467
val_f1: 0.9971221806049196
test_loss: 0.02054154975286854
test_accuracy: 0.9942487419122933
test_precision: 0.9942799643570899
test_recall: 0.9942487419122933
test_f1: 0.9942537384333612
min_lr: 2e-05
max_lr: 0.002
total_time: 444.10709953308105
average_epoch_time: 4.441065714359284
