train_loss: 0.015366484276079251
train_accuracy: 0.9968547807332854
train_precision: 0.9968625536679346
train_recall: 0.9968547807332854
train_f1: 0.9968548215611368
val_loss: 0.2503868791655722
val_accuracy: 0.9460819554277499
val_precision: 0.9477924737355616
val_recall: 0.9460819554277499
val_f1: 0.9466079823468971
test_loss: 0.24770978188396178
test_accuracy: 0.9396117900790798
test_precision: 0.9415218911921086
test_recall: 0.9396117900790798
test_f1: 0.9401407973118847
min_lr: 1e-07
max_lr: 0.0001
total_time: 110.54863834381104
average_epoch_time: 1.1054804062843322
