train_loss: 0.0321355215505405
train_accuracy: 0.9939791516894321
train_precision: 0.9940380276054146
train_recall: 0.9939791516894321
train_f1: 0.9939747749506064
val_loss: 0.015615419841858304
val_accuracy: 0.99568655643422
val_precision: 0.9957030369847257
val_recall: 0.99568655643422
val_f1: 0.9956810423430935
test_loss: 0.08426511883313155
test_accuracy: 0.9899352983465133
test_precision: 0.9900538937309071
test_recall: 0.9899352983465133
test_f1: 0.9899254674680097
min_lr: 3e-06
max_lr: 0.004
total_time: 137.61095452308655
average_epoch_time: 1.3761049222946167
