train_loss: 0.08177956427185229
train_accuracy: 0.9804097771387491
train_precision: 0.9808217998231848
train_recall: 0.9804097771387491
train_f1: 0.9804807732669901
val_loss: 0.09718671510927379
val_accuracy: 0.9755571531272466
val_precision: 0.9766531699137196
val_recall: 0.9755571531272466
val_f1: 0.9757373380364808
test_loss: 0.06954948416784067
test_accuracy: 0.9863407620416966
test_precision: 0.9865918934105276
test_recall: 0.9863407620416966
test_f1: 0.9863705442605869
min_lr: 0.0004
max_lr: 0.01
total_time: 234.40848660469055
average_epoch_time: 2.34408056974411
