train_loss: 0.36587984314145044
train_mse: 0.3658798635005951
train_mae: 0.42707234621047974
train_rmse: 0.6048800349235535
train_r2: 0.7242000102996826
val_loss: 0.41308564497874334
val_mse: 0.413972944021225
val_mae: 0.45930740237236023
val_rmse: 0.6434072852134705
val_r2: 0.6817026138305664
test_loss: 0.3952133359817358
test_mse: 0.3936748504638672
test_mae: 0.44800201058387756
test_rmse: 0.6274351477622986
test_r2: 0.7189920544624329
min_lr: 1e-07
max_lr: 0.0005
total_time: 211.92070198059082
average_epoch_time: 2.119201798439026
