train_loss: 0.010285887742684699
train_accuracy: 0.9973040977713875
train_precision: 0.9973113504888806
train_recall: 0.9973040977713875
train_f1: 0.997303328379034
val_loss: 0.13870630162471737
val_accuracy: 0.9604601006470166
val_precision: 0.961049544597952
val_recall: 0.9604601006470166
val_f1: 0.9604894975800424
test_loss: 0.12332649450664493
test_accuracy: 0.9575844716031632
test_precision: 0.9581926281028214
test_recall: 0.9575844716031632
test_f1: 0.957660505556926
min_lr: 1e-07
max_lr: 0.0008
total_time: 741.9750900268555
average_epoch_time: 7.419744503498078
