train_loss: 0.1991344863159019
train_mse: 0.1991344690322876
train_mae: 0.3135935366153717
train_rmse: 0.44624486565589905
train_r2: 0.8498925566673279
val_loss: 0.29629530299168366
val_mse: 0.2973651587963104
val_mae: 0.3691432774066925
val_rmse: 0.5453119874000549
val_r2: 0.7713605165481567
test_loss: 0.2911524502130655
test_mse: 0.2914760708808899
test_mae: 0.37199512124061584
test_rmse: 0.5398852229118347
test_r2: 0.7919422388076782
min_lr: 1e-07
max_lr: 0.0001
total_time: 525.5646169185638
average_epoch_time: 5.255641665458679
