train_loss: 0.19069673283415478
train_mse: 0.19069673120975494
train_mae: 0.2960624098777771
train_rmse: 0.4366883635520935
train_r2: 0.856252908706665
val_loss: 0.24071770218702462
val_mse: 0.24134176969528198
val_mae: 0.32411661744117737
val_rmse: 0.4912654757499695
val_r2: 0.8144360184669495
test_loss: 0.25105144817095537
test_mse: 0.25112098455429077
test_mae: 0.3362841308116913
test_rmse: 0.5011197328567505
test_r2: 0.8207480311393738
min_lr: 5e-05
max_lr: 0.001
total_time: 251.2540102005005
average_epoch_time: 2.512536470890045
