train_loss: 0.006406997349722065
train_accuracy: 0.9986520488856937
train_precision: 0.998652955885825
train_recall: 0.9986520488856937
train_f1: 0.9986518250841305
val_loss: 0.04924540472447089
val_accuracy: 0.9906542056074766
val_precision: 0.990711674246453
val_recall: 0.9906542056074766
val_f1: 0.9906482075644482
test_loss: 0.032276112496964
test_accuracy: 0.99568655643422
test_precision: 0.9957049114437558
test_recall: 0.99568655643422
test_f1: 0.9956846833892352
min_lr: 1e-07
max_lr: 0.0007
total_time: 301.26150822639465
average_epoch_time: 3.0126096415519714
