train_loss: 0.05538848664038868
train_accuracy: 0.9862508986340762
train_precision: 0.9862748878738635
train_recall: 0.9862508986340762
train_f1: 0.9862327012578972
val_loss: 0.05043140373362059
val_accuracy: 0.9899352983465133
val_precision: 0.9899521451080611
val_recall: 0.9899352983465133
val_f1: 0.9899173018043962
test_loss: 0.04924166414738548
test_accuracy: 0.98705966930266
test_precision: 0.9871259381824321
test_recall: 0.98705966930266
test_f1: 0.9870121990875728
min_lr: 0.0001
max_lr: 0.004
total_time: 370.87917923927307
average_epoch_time: 3.7087885761260986
