train_loss: 0.4016533806746782
train_mse: 0.40165337920188904
train_mae: 0.44668251276016235
train_rmse: 0.6337612867355347
train_r2: 0.6972339153289795
val_loss: 0.47380326550740465
val_mse: 0.4754921793937683
val_mae: 0.4932974874973297
val_rmse: 0.6895594000816345
val_r2: 0.6344014406204224
test_loss: 0.4596034742318667
test_mse: 0.45614364743232727
test_mae: 0.47132638096809387
test_rmse: 0.6753840446472168
test_r2: 0.6744014024734497
min_lr: 1e-07
max_lr: 0.0004
total_time: 171.90283489227295
average_epoch_time: 1.7190244555473329
