train_loss: 0.1713251898482699
train_accuracy: 0.9449137311286844
train_precision: 0.9463970582854895
train_recall: 0.9449137311286844
train_f1: 0.9448073527430108
val_loss: 0.18939427671615372
val_accuracy: 0.9388928828181164
val_precision: 0.9393190237901935
val_recall: 0.9388928828181164
val_f1: 0.9386069420620675
test_loss: 0.20611315216361123
test_accuracy: 0.9259525521207764
test_precision: 0.9269717313942321
test_recall: 0.9259525521207764
test_f1: 0.9255970363359194
min_lr: 0.0001
max_lr: 0.002
total_time: 372.02044653892517
average_epoch_time: 3.720200517177582
