train_loss: 0.008856654461519663
train_accuracy: 0.9972142343637671
train_precision: 0.9972422268347177
train_recall: 0.9972142343637671
train_f1: 0.9972152018925375
val_loss: 0.011641977638305434
val_accuracy: 0.9971243709561467
val_precision: 0.9971340859191327
val_recall: 0.9971243709561467
val_f1: 0.9971224771632803
test_loss: 0.023230183005208262
test_accuracy: 0.9964054636951833
test_precision: 0.9964181645026768
test_recall: 0.9964054636951833
test_f1: 0.9964077673507786
min_lr: 1e-07
max_lr: 0.0007
total_time: 301.80335760116577
average_epoch_time: 3.018028447628021
