train_loss: 0.06804727728481287
train_accuracy: 0.9833752695902228
train_precision: 0.9835415334869054
train_recall: 0.9833752695902228
train_f1: 0.9833519277235057
val_loss: 0.07021931990113278
val_accuracy: 0.9841840402588066
val_precision: 0.9842575167547741
val_recall: 0.9841840402588066
val_f1: 0.9841780580684584
test_loss: 0.06143274543997408
test_accuracy: 0.9863407620416966
test_precision: 0.9864568196194606
test_recall: 0.9863407620416966
test_f1: 0.9863225941705608
min_lr: 5e-05
max_lr: 0.05
total_time: 335.02337622642517
average_epoch_time: 3.350229573249817
