train_loss: 0.360300902248353
train_mse: 0.3603008985519409
train_mae: 0.4091700613498688
train_rmse: 0.6002507209777832
train_r2: 0.7284054160118103
val_loss: 0.41675612505744486
val_mse: 0.42916780710220337
val_mae: 0.4551596939563751
val_rmse: 0.6551089882850647
val_r2: 0.6700195074081421
test_loss: 0.4458216008018045
test_mse: 0.40563300251960754
test_mae: 0.4400434195995331
test_rmse: 0.6368932723999023
test_r2: 0.7104562520980835
min_lr: 1e-07
max_lr: 0.0002
total_time: 87.72615838050842
average_epoch_time: 0.877257924079895
