train_loss: 0.023987736865861715
train_accuracy: 0.9936196980589503
train_precision: 0.99364673090147
train_recall: 0.9936196980589503
train_f1: 0.9936205255630344
val_loss: 0.026262747147649698
val_accuracy: 0.9920920201294033
val_precision: 0.992166608365072
val_recall: 0.9920920201294033
val_f1: 0.9921064312490365
test_loss: 0.03567162203994072
test_accuracy: 0.9942487419122933
test_precision: 0.9942751303104148
test_recall: 0.9942487419122933
test_f1: 0.9942463574188546
min_lr: 1e-07
max_lr: 0.002
total_time: 110.16766738891602
average_epoch_time: 1.1016701126098634
