train_loss: 0.013533474656756963
train_accuracy: 0.9964953271028038
train_precision: 0.9965099557245058
train_recall: 0.9964953271028038
train_f1: 0.996492165473535
val_loss: 0.02812493611318959
val_accuracy: 0.99137311286844
val_precision: 0.99141101813572
val_recall: 0.99137311286844
val_f1: 0.9913676232235528
test_loss: 0.02352272866251455
test_accuracy: 0.9978432782171099
test_precision: 0.9978536674256936
test_recall: 0.9978432782171099
test_f1: 0.9978444242120597
min_lr: 0.0002
max_lr: 0.007
total_time: 315.26591324806213
average_epoch_time: 3.152655849456787
