train_loss: 0.43407157678590264
train_mse: 0.4340716004371643
train_mae: 0.4702305495738983
train_rmse: 0.6588411331176758
train_r2: 0.6727970838546753
val_loss: 0.4531484074317492
val_mse: 0.4544408321380615
val_mae: 0.48668479919433594
val_rmse: 0.6741222739219666
val_r2: 0.6505874395370483
test_loss: 0.4081488675796069
test_mse: 0.40776968002319336
test_mae: 0.45761823654174805
test_rmse: 0.6385684609413147
test_r2: 0.7089310884475708
min_lr: 1e-05
max_lr: 0.03
total_time: 711.6755158901215
average_epoch_time: 7.11675081729889
