train_loss: 0.19018753126350252
train_mse: 0.19018752872943878
train_mae: 0.29487377405166626
train_rmse: 0.436104953289032
train_r2: 0.8566367626190186
val_loss: 0.23557171855981535
val_mse: 0.23607532680034637
val_mae: 0.31816864013671875
val_rmse: 0.48587584495544434
val_r2: 0.8184853196144104
test_loss: 0.23966045666199465
test_mse: 0.239309623837471
test_mae: 0.3284517228603363
test_rmse: 0.4891928434371948
test_r2: 0.829179048538208
min_lr: 2e-05
max_lr: 0.002
total_time: 713.0521974563599
average_epoch_time: 7.130517833232879
