train_loss: 1.1545564512065214
train_mse: 1.154556393623352
train_mae: 0.8444693684577942
train_rmse: 1.0745028257369995
train_r2: 0.12969613075256348
val_loss: 1.1572236822201656
val_mse: 1.1581602096557617
val_mae: 0.8382979035377502
val_rmse: 1.0761785507202148
val_r2: 0.10950851440429688
test_loss: 1.231990146636963
test_mse: 1.230461835861206
test_mae: 0.8768336176872253
test_rmse: 1.1092618703842163
test_r2: 0.12168735265731812
min_lr: 1e-05
max_lr: 0.004
total_time: 484.03176975250244
average_epoch_time: 4.840314157009125
