train_loss: 0.01342313226168385
train_accuracy: 0.9964054636951833
train_precision: 0.9964217782623389
train_recall: 0.9964054636951833
train_f1: 0.996400697129031
val_loss: 0.09601607822498243
val_accuracy: 0.99137311286844
val_precision: 0.9914747387078002
val_recall: 0.99137311286844
val_f1: 0.991377086498733
test_loss: 0.02830975788906058
test_accuracy: 0.9964054636951833
test_precision: 0.9964197340043729
test_recall: 0.9964054636951833
test_f1: 0.9964036334603206
min_lr: 1e-07
max_lr: 0.0035
total_time: 136.28450727462769
average_epoch_time: 1.362840654850006
