train_loss: 0.1910395012995185
train_mse: 0.19103948771953583
train_mae: 0.2980588972568512
train_rmse: 0.43708065152168274
train_r2: 0.8559945225715637
val_loss: 0.2349227420412577
val_mse: 0.23524747788906097
val_mae: 0.3232620656490326
val_rmse: 0.48502317070961
val_r2: 0.8191218376159668
test_loss: 0.23851764591840596
test_mse: 0.23722396790981293
test_mae: 0.32893404364585876
test_rmse: 0.4870564341545105
test_r2: 0.8306677937507629
min_lr: 5e-06
max_lr: 0.002
total_time: 644.7190477848053
average_epoch_time: 6.44718582868576
