train_loss: 0.0077712306219523426
train_accuracy: 0.9975736879942487
train_precision: 0.9975841535026861
train_recall: 0.9975736879942487
train_f1: 0.9975710696063517
val_loss: 0.02891795182503384
val_accuracy: 0.9942487419122933
val_precision: 0.9942690746429065
val_recall: 0.9942487419122933
val_f1: 0.9942481494514013
test_loss: 0.03198198603786295
test_accuracy: 0.9964054636951833
test_precision: 0.9964263706639143
test_recall: 0.9964054636951833
test_f1: 0.9964074670545794
min_lr: 0.0003
max_lr: 0.02
total_time: 206.51478004455566
average_epoch_time: 2.065144376754761
