train_loss: 0.00513513916506776
train_accuracy: 0.9982925952552121
train_precision: 0.998295136671267
train_recall: 0.9982925952552121
train_f1: 0.9982916791427507
val_loss: 0.05830829134735764
val_accuracy: 0.9899352983465133
val_precision: 0.9900784204355092
val_recall: 0.9899352983465133
val_f1: 0.9899507446011242
test_loss: 0.07215829123410086
test_accuracy: 0.9935298346513299
test_precision: 0.9935762234669908
test_recall: 0.9935298346513299
test_f1: 0.9935304198330176
min_lr: 0.0001
max_lr: 0.004
total_time: 103.32640552520752
average_epoch_time: 1.0332595467567445
