train_loss: 0.009475274109357496
train_accuracy: 0.9968547807332854
train_precision: 0.9968626782488028
train_recall: 0.9968547807332854
train_f1: 0.9968518606515234
val_loss: 0.011980626681427319
val_accuracy: 0.9971243709561467
val_precision: 0.9971297551525004
val_recall: 0.9971243709561467
val_f1: 0.9971229124724813
test_loss: 0.05650110542104481
test_accuracy: 0.9978432782171099
test_precision: 0.9978536674256936
test_recall: 0.9978432782171099
test_f1: 0.9978444242120597
min_lr: 1e-07
max_lr: 0.0003
total_time: 597.0075399875641
average_epoch_time: 5.9700705170631405
