train_loss: 0.06755712732736921
train_accuracy: 0.9822070452911574
train_precision: 0.9822132980154723
train_recall: 0.9822070452911574
train_f1: 0.9822074942017658
val_loss: 0.06833542754280973
val_accuracy: 0.98274622573688
val_precision: 0.9828504462234551
val_recall: 0.98274622573688
val_f1: 0.9827490553742829
test_loss: 0.0723862578266893
test_accuracy: 0.9784327821711
test_precision: 0.978568800834837
test_recall: 0.9784327821711
test_f1: 0.9784439438319761
min_lr: 0.0002
max_lr: 0.035
total_time: 236.12023186683655
average_epoch_time: 2.3611989402770996
