train_loss: 0.3551363704740539
train_mse: 0.35513636469841003
train_mae: 0.414559543132782
train_rmse: 0.595933198928833
train_r2: 0.7322983741760254
val_loss: 0.3572768121957779
val_mse: 0.35865098237991333
val_mae: 0.41855788230895996
val_rmse: 0.5988747477531433
val_r2: 0.7242388129234314
test_loss: 0.33461833550379827
test_mse: 0.3351374566555023
test_mae: 0.4110654294490814
test_rmse: 0.5789105892181396
test_r2: 0.7607764601707458
min_lr: 1e-05
max_lr: 0.05
total_time: 164.539626121521
average_epoch_time: 1.6453916931152344
