train_loss: 0.32700572700001473
train_mse: 0.3270057141780853
train_mae: 0.39348217844963074
train_rmse: 0.5718441605567932
train_r2: 0.7535032629966736
val_loss: 0.3437565530047697
val_mse: 0.35165098309516907
val_mae: 0.4085600674152374
val_rmse: 0.593001663684845
val_r2: 0.7296209931373596
test_loss: 0.33642444014549255
test_mse: 0.3349202573299408
test_mae: 0.4042494297027588
test_rmse: 0.5787229537963867
test_r2: 0.7609314918518066
min_lr: 1e-06
max_lr: 0.0003
total_time: 75.55484366416931
average_epoch_time: 0.7555436301231384
