train_loss: 0.4180334880370502
train_mse: 0.41803351044654846
train_mae: 0.44944247603416443
train_rmse: 0.6465551257133484
train_r2: 0.6848865747451782
val_loss: 0.42359740593854117
val_mse: 0.4369056224822998
val_mae: 0.4629056453704834
val_rmse: 0.6609883904457092
val_r2: 0.6640700101852417
test_loss: 0.4052111243500429
test_mse: 0.40063440799713135
test_mae: 0.4431687295436859
test_rmse: 0.632956862449646
test_r2: 0.7140242457389832
min_lr: 1e-07
max_lr: 0.0005
total_time: 66.80553984642029
average_epoch_time: 0.6680515480041503
