train_loss: 0.15502369756153386
train_mse: 0.1550236940383911
train_mae: 0.2793438732624054
train_rmse: 0.393730491399765
train_r2: 0.8831432461738586
val_loss: 0.22216843769830816
val_mse: 0.2267635017633438
val_mae: 0.3257851302623749
val_rmse: 0.47619691491127014
val_r2: 0.8256450295448303
test_loss: 0.2334231576498817
test_mse: 0.23396645486354828
test_mae: 0.33890217542648315
test_rmse: 0.48370078206062317
test_r2: 0.8329930305480957
min_lr: 2e-05
max_lr: 0.002
total_time: 1951.8107600212097
average_epoch_time: 19.518102374076843
