train_loss: 0.3400670659201321
train_mse: 0.340067058801651
train_mae: 0.4035471975803375
train_rmse: 0.583152711391449
train_r2: 0.743657648563385
val_loss: 0.34741929035920366
val_mse: 0.34844130277633667
val_mae: 0.40912437438964844
val_rmse: 0.5902891755104065
val_r2: 0.7320888638496399
test_loss: 0.3236199890191738
test_mse: 0.3246305286884308
test_mae: 0.39735135436058044
test_rmse: 0.5697636008262634
test_r2: 0.7682763934135437
min_lr: 1e-05
max_lr: 0.03
total_time: 359.99185013771057
average_epoch_time: 3.599913456439972
