train_loss: 0.7535374763515569
train_mse: 0.7535374760627747
train_mae: 0.5968337655067444
train_rmse: 0.868065357208252
train_r2: 0.43198394775390625
val_loss: 0.7664096621366647
val_mse: 0.7693651914596558
val_mae: 0.601178765296936
val_rmse: 0.8771346211433411
val_r2: 0.4084470272064209
test_loss: 0.7407223960528007
test_mse: 0.7392470240592957
test_mae: 0.6052829623222351
test_rmse: 0.8597947359085083
test_r2: 0.4723200798034668
min_lr: 0.0003
max_lr: 0.3
total_time: 155.75983262062073
average_epoch_time: 1.5575942063331605
