train_loss: 1.3268603577401288
train_mse: 1.3268604278564453
train_mae: 0.9017536640167236
train_rmse: 1.1518943309783936
train_r2: -0.00018656253814697266
val_loss: 1.2930011382469764
val_mse: 1.2969788312911987
val_mae: 0.885067343711853
val_rmse: 1.1388497352600098
val_r2: 0.002772986888885498
test_loss: 1.4075991006997914
test_mse: 1.4039299488067627
test_mae: 0.9316608905792236
test_rmse: 1.18487548828125
test_r2: -0.0021353960037231445
min_lr: 2e-05
max_lr: 0.01
total_time: 487.36798572540283
average_epoch_time: 4.873676285743714
