train_loss: 0.8888200955797535
train_mse: 0.8888201117515564
train_mae: 0.7250486016273499
train_rmse: 0.9427725672721863
train_r2: 0.33000797033309937
val_loss: 0.905708763232598
val_mse: 0.9087979197502136
val_mae: 0.733116090297699
val_rmse: 0.9533089399337769
val_r2: 0.3012393116950989
test_loss: 0.9896382863704974
test_mse: 0.989500880241394
test_mae: 0.7665385007858276
test_rmse: 0.9947366118431091
test_r2: 0.293687105178833
min_lr: 2e-06
max_lr: 0.002
total_time: 478.26497435569763
average_epoch_time: 4.782645974159241
