train_loss: 0.021820189875561273
train_accuracy: 0.9971243709561467
train_precision: 0.9971300279728359
train_recall: 0.9971243709561467
train_f1: 0.997123528385951
val_loss: 0.04263030119578947
val_accuracy: 0.9928109273903667
val_precision: 0.9928965679033404
val_recall: 0.9928109273903667
val_f1: 0.9928210664275662
test_loss: 0.04649920421334999
test_accuracy: 0.9942487419122933
test_precision: 0.9942764371736541
test_recall: 0.9942487419122933
test_f1: 0.9942437699356363
min_lr: 1e-07
max_lr: 1e-05
total_time: 231.55599689483643
average_epoch_time: 2.3155546808242797
