train_loss: 0.9718305847441503
train_mse: 0.9718306064605713
train_mae: 0.7647157907485962
train_rmse: 0.9858146905899048
train_r2: 0.2674347162246704
val_loss: 0.9818047390534328
val_mse: 0.9849117994308472
val_mae: 0.7649793028831482
val_rmse: 0.9924272298812866
val_r2: 0.24271655082702637
test_loss: 1.0586598836458647
test_mse: 1.054384708404541
test_mae: 0.8037363886833191
test_rmse: 1.0268323421478271
test_r2: 0.247372567653656
min_lr: 1e-07
max_lr: 0.001
total_time: 130.7443335056305
average_epoch_time: 1.3074394464492798
