train_loss: 0.2844683907550666
train_mse: 0.2844683527946472
train_mae: 0.35840439796447754
train_rmse: 0.5333557724952698
train_r2: 0.7855678796768188
val_loss: 0.2879781121244797
val_mse: 0.2887556552886963
val_mae: 0.3616504967212677
val_rmse: 0.537359893321991
val_r2: 0.7779802083969116
test_loss: 0.27927338366325083
test_mse: 0.2805151343345642
test_mae: 0.35826176404953003
test_rmse: 0.529636800289154
test_r2: 0.7997663021087646
min_lr: 3e-05
max_lr: 0.01
total_time: 415.6849615573883
average_epoch_time: 4.15684502363205
