train_loss: 0.30461407460041284
train_mse: 0.3046140670776367
train_mae: 0.37430310249328613
train_rmse: 0.5519185066223145
train_r2: 0.7703821063041687
val_loss: 0.3034013257576869
val_mse: 0.3044811189174652
val_mae: 0.37716397643089294
val_rmse: 0.5517981052398682
val_r2: 0.7658891677856445
test_loss: 0.2900046067742201
test_mse: 0.2911559045314789
test_mae: 0.3698565661907196
test_rmse: 0.5395886301994324
test_r2: 0.7921707630157471
min_lr: 2e-05
max_lr: 0.02
total_time: 361.5058777332306
average_epoch_time: 3.6150544762611387
