train_loss: 0.23388508572403727
train_accuracy: 0.9227174694464414
train_precision: 0.9238929208756027
train_recall: 0.9227174694464414
train_f1: 0.9224954305061843
val_loss: 0.20469122701747852
val_accuracy: 0.9288281811646297
val_precision: 0.9292368887122642
val_recall: 0.9288281811646297
val_f1: 0.9279603521515469
test_loss: 0.21895528373054482
test_accuracy: 0.9180445722501798
test_precision: 0.9202911693296121
test_recall: 0.9180445722501798
test_f1: 0.9173483638848068
min_lr: 0.001
max_lr: 0.015
total_time: 351.2233817577362
average_epoch_time: 3.5122297477722166
