train_loss: 0.02114794279058797
train_accuracy: 0.9964953271028038
train_precision: 0.9965135096114954
train_recall: 0.9964953271028038
train_f1: 0.9964928392132806
val_loss: 0.06369866848531687
val_accuracy: 0.9964054636951833
val_precision: 0.9964238679260449
val_recall: 0.9964054636951833
val_f1: 0.9964073400854506
test_loss: 0.023715682263586627
test_accuracy: 0.9971243709561467
test_precision: 0.9971416653255765
test_recall: 0.9971243709561467
test_f1: 0.9971241520628432
min_lr: 0.0001
max_lr: 0.0006
total_time: 472.77706384658813
average_epoch_time: 4.727765707969666
