train_loss: 0.1960352349073388
train_mse: 0.1960352212190628
train_mae: 0.29798856377601624
train_rmse: 0.4427586495876312
train_r2: 0.8522287607192993
val_loss: 0.23347628642531001
val_mse: 0.2375544160604477
val_mae: 0.3238874673843384
val_rmse: 0.4873955547809601
val_r2: 0.817348062992096
test_loss: 0.24899977270294638
test_mse: 0.24933861196041107
test_mae: 0.3316115140914917
test_rmse: 0.49933817982673645
test_r2: 0.8220202922821045
min_lr: 1e-05
max_lr: 0.0002
total_time: 1944.2239964008331
average_epoch_time: 19.44223447561264
