train_loss: 0.41158030738028906
train_mse: 0.41158029437065125
train_mae: 0.4531319737434387
train_rmse: 0.6415452361106873
train_r2: 0.6897510290145874
val_loss: 0.46200565959398565
val_mse: 0.4634990394115448
val_mae: 0.4829854965209961
val_rmse: 0.6808076500892639
val_r2: 0.6436227560043335
test_loss: 0.45771781664628247
test_mse: 0.4555462598800659
test_mae: 0.4793878495693207
test_rmse: 0.6749416589736938
test_r2: 0.6748277544975281
min_lr: 3e-05
max_lr: 0.007
total_time: 362.46495723724365
average_epoch_time: 3.6246455550193786
