train_loss: 129485.14250619028
train_mse: 129485.1328125
train_mae: 3.3193256855010986
train_rmse: 359.8404235839844
train_r2: -97604.8125
val_loss: 0.2562761324293473
val_mse: 0.25977960228919983
val_mae: 0.3523700535297394
val_rmse: 0.5096858143806458
val_r2: 0.8002594709396362
test_loss: 2.2910683575798485
test_mse: 2.4050350189208984
test_mae: 0.39226803183555603
test_rmse: 1.5508174896240234
test_r2: -0.7167314291000366
min_lr: 5e-05
max_lr: 0.01
total_time: 193.49153637886047
average_epoch_time: 1.9349104571342468
