train_loss: 1.7261379532430363
train_accuracy: 0.20740474478792237
train_precision: 0.04301672816054321
train_recall: 0.20740474478792237
train_f1: 0.07125486022187032
val_loss: 1.9737975163893267
val_accuracy: 0.23436376707404744
val_precision: 0.054965890695064364
val_recall: 0.23436376707404744
val_f1: 0.08904730543839098
test_loss: 1.7254265573891727
test_accuracy: 0.20992092020129402
test_precision: 0.044066792738158056
test_recall: 0.20992092020129402
test_f1: 0.07284243457965284
min_lr: 1e-07
max_lr: 1e-06
total_time: 483.72371459007263
average_epoch_time: 4.837232165336609
