train_loss: 0.07771215065858787
train_accuracy: 0.9862508986340762
train_precision: 0.9862917251101049
train_recall: 0.9862508986340762
train_f1: 0.9862519001900234
val_loss: 0.12032947471280667
val_accuracy: 0.9849029475197699
val_precision: 0.9849727586450879
val_recall: 0.9849029475197699
val_f1: 0.9849035079756612
test_loss: 0.09131536789407785
test_accuracy: 0.9834651329978433
test_precision: 0.983549152535946
test_recall: 0.9834651329978433
test_f1: 0.9834556957581148
min_lr: 1e-07
max_lr: 1e-05
total_time: 236.91873931884766
average_epoch_time: 2.3691829562187197
