train_loss: 0.48545007707998733
train_mse: 0.4854500889778137
train_mae: 0.49774813652038574
train_rmse: 0.6967424750328064
train_r2: 0.6340680122375488
val_loss: 0.5489383699802252
val_mse: 0.5498145222663879
val_mae: 0.5377598404884338
val_rmse: 0.7414947748184204
val_r2: 0.5772560834884644
test_loss: 0.5580252748269301
test_mse: 0.5558210611343384
test_mae: 0.5268807411193848
test_rmse: 0.7455340623855591
test_r2: 0.6032508611679077
min_lr: 1e-06
max_lr: 0.002
total_time: 473.979043006897
average_epoch_time: 4.739786734580994
