train_loss: 0.012515068806445423
train_accuracy: 0.9953271028037384
train_precision: 0.9953844344343937
train_recall: 0.9953271028037384
train_f1: 0.9953315236085734
val_loss: 0.02393765941558906
val_accuracy: 0.9964054636951833
val_precision: 0.9964108616170693
val_recall: 0.9964054636951833
val_f1: 0.9964002333941819
test_loss: 0.06871855464995943
test_accuracy: 0.9942487419122933
test_precision: 0.9943168836339609
test_recall: 0.9942487419122933
test_f1: 0.9942466715600973
min_lr: 1e-05
max_lr: 0.0005
total_time: 491.82128405570984
average_epoch_time: 4.91820588350296
