train_loss: 0.20616529531083827
train_mse: 0.20616529881954193
train_mae: 0.3130892813205719
train_rmse: 0.4540542960166931
train_r2: 0.8445926904678345
val_loss: 0.23882062836335255
val_mse: 0.2394571453332901
val_mae: 0.3290395140647888
val_rmse: 0.4893435835838318
val_r2: 0.815885066986084
test_loss: 0.238417168878592
test_mse: 0.23857776820659637
test_mae: 0.33912259340286255
test_rmse: 0.4884442389011383
test_r2: 0.8297014832496643
min_lr: 5e-06
max_lr: 0.002
total_time: 1167.8791332244873
average_epoch_time: 11.678786687850952
