train_loss: 0.20998404872452103
train_mse: 0.20998404920101166
train_mae: 0.3084525167942047
train_rmse: 0.4582401514053345
train_r2: 0.8417141437530518
val_loss: 0.23922061152183094
val_mse: 0.23960350453853607
val_mae: 0.3254546821117401
val_rmse: 0.48949310183525085
val_r2: 0.815772533416748
test_loss: 0.24214740636257026
test_mse: 0.24271570146083832
test_mae: 0.32982730865478516
test_rmse: 0.49266186356544495
test_r2: 0.8267477750778198
min_lr: 1e-05
max_lr: 0.003
total_time: 657.7558648586273
average_epoch_time: 6.577553894519806
