train_loss: 0.7277705578147903
train_mse: 0.7277705669403076
train_mae: 0.6414088010787964
train_rmse: 0.8530946969985962
train_r2: 0.4514070153236389
val_loss: 0.7531440711938417
val_mse: 0.7551885843276978
val_mae: 0.6599103808403015
val_rmse: 0.8690158724784851
val_r2: 0.4193471670150757
test_loss: 0.8200348982444177
test_mse: 0.8202257752418518
test_mae: 0.6817567348480225
test_rmse: 0.9056631922721863
test_r2: 0.4145168662071228
min_lr: 1e-05
max_lr: 0.0005
total_time: 409.350958108902
average_epoch_time: 4.093505527973175
