train_loss: 0.20821846031890606
train_accuracy: 0.9937994248741913
train_precision: 0.9939173280252825
train_recall: 0.9937994248741913
train_f1: 0.9938119986692934
val_loss: 0.25284719083257107
val_accuracy: 0.9884974838245866
val_precision: 0.9885739270847679
val_recall: 0.9884974838245866
val_f1: 0.9884970938400086
test_loss: 0.22876932421191173
test_accuracy: 0.99137311286844
test_precision: 0.991549990602091
test_recall: 0.99137311286844
test_f1: 0.9913851840714221
min_lr: 1e-07
max_lr: 2e-05
total_time: 240.72414708137512
average_epoch_time: 2.407236680984497
