train_loss: 0.37851085122530315
train_mse: 0.37851086258888245
train_mae: 0.44319605827331543
train_rmse: 0.6152323484420776
train_r2: 0.7146787643432617
val_loss: 0.3824022398545192
val_mse: 0.38369831442832947
val_mae: 0.44704100489616394
val_rmse: 0.6194338798522949
val_r2: 0.7049802541732788
test_loss: 0.38895592391490935
test_mse: 0.3889967203140259
test_mae: 0.4480561316013336
test_rmse: 0.6236960291862488
test_r2: 0.7223312854766846
min_lr: 1e-05
max_lr: 0.03
total_time: 597.1576452255249
average_epoch_time: 5.9715723085403445
