train_loss: 0.27064859610079794
train_mse: 0.2706485986709595
train_mae: 0.35497790575027466
train_rmse: 0.520238995552063
train_r2: 0.795985221862793
val_loss: 0.28049586438215696
val_mse: 0.281101256608963
val_mae: 0.35877469182014465
val_rmse: 0.5301898121833801
val_r2: 0.7838655710220337
test_loss: 0.27218175816994444
test_mse: 0.27280208468437195
test_mae: 0.35703128576278687
test_rmse: 0.5223045945167542
test_r2: 0.8052718639373779
min_lr: 1e-05
max_lr: 0.01
total_time: 475.5481507778168
average_epoch_time: 4.755478286743164
