train_loss: 0.5532812993367051
train_mse: 0.553281307220459
train_mae: 0.5331865549087524
train_rmse: 0.7438288331031799
train_r2: 0.5829368829727173
val_loss: 0.5738304686087828
val_mse: 0.5752114057540894
val_mae: 0.5469083189964294
val_rmse: 0.7584269046783447
val_r2: 0.5577288269996643
test_loss: 0.5622113665709129
test_mse: 0.5612967610359192
test_mae: 0.5373827815055847
test_rmse: 0.7491974234580994
test_r2: 0.5993423461914062
min_lr: 3e-05
max_lr: 0.02
total_time: 319.5938675403595
average_epoch_time: 3.1959347796440123
