train_loss: 0.2520831059450391
train_accuracy: 0.9307153127246586
train_precision: 0.9323544093777544
train_recall: 0.9307153127246586
train_f1: 0.9307313586055541
val_loss: 0.48516426379369065
val_accuracy: 0.9216391085549964
val_precision: 0.9240849165928602
val_recall: 0.9216391085549964
val_f1: 0.9218640613511683
test_loss: 0.24765988134525038
test_accuracy: 0.9245147375988497
test_precision: 0.9266632589520652
test_recall: 0.9245147375988497
test_f1: 0.9244420096900502
min_lr: 1e-07
max_lr: 0.0008
total_time: 777.9911692142487
average_epoch_time: 7.779906768798828
