train_loss: 0.5600688658192639
train_mse: 0.5600689053535461
train_mae: 0.5374903678894043
train_rmse: 0.7483775019645691
train_r2: 0.5778204202651978
val_loss: 0.5911747003977116
val_mse: 0.5932035446166992
val_mae: 0.555181086063385
val_rmse: 0.7701970934867859
val_r2: 0.5438950061798096
test_loss: 0.5753621112841826
test_mse: 0.575346827507019
test_mae: 0.5471351146697998
test_rmse: 0.7585161924362183
test_r2: 0.589313268661499
min_lr: 1e-06
max_lr: 0.001
total_time: 133.4453649520874
average_epoch_time: 1.3344503092765807
