train_loss: 0.00951655984886463
train_accuracy: 0.9979331416247305
train_precision: 0.9979427065616677
train_recall: 0.9979331416247305
train_f1: 0.9979310707361378
val_loss: 0.026225840649203747
val_accuracy: 0.9942487419122933
val_precision: 0.9942573762382287
val_recall: 0.9942487419122933
val_f1: 0.994237926386
test_loss: 0.020495140586883117
test_accuracy: 0.99568655643422
test_precision: 0.9956997947501977
test_recall: 0.99568655643422
test_f1: 0.995688300363818
min_lr: 3e-05
max_lr: 0.005
total_time: 334.4775948524475
average_epoch_time: 3.344771044254303
