train_loss: 0.020867505896436427
train_accuracy: 0.9936196980589503
train_precision: 0.9936348805117217
train_recall: 0.9936196980589503
train_f1: 0.9936170136938374
val_loss: 0.04679459518493703
val_accuracy: 0.9899352983465133
val_precision: 0.9899734702118167
val_recall: 0.9899352983465133
val_f1: 0.989928521689104
test_loss: 0.06046789420228875
test_accuracy: 0.9906542056074766
test_precision: 0.990723606860319
test_recall: 0.9906542056074766
test_f1: 0.9906572560307747
min_lr: 2e-05
max_lr: 0.015
total_time: 365.4247417449951
average_epoch_time: 3.65424311876297
