train_loss: 0.6147930777321259
train_mse: 0.614793062210083
train_mae: 0.578684389591217
train_rmse: 0.7840874195098877
train_r2: 0.536569356918335
val_loss: 0.6291603345137377
val_mse: 0.6312204003334045
val_mae: 0.5896931886672974
val_rmse: 0.7944937944412231
val_r2: 0.5146644115447998
test_loss: 0.6239504080552322
test_mse: 0.6207988262176514
test_mae: 0.5794973373413086
test_rmse: 0.7879078984260559
test_r2: 0.5568692684173584
min_lr: 3e-06
max_lr: 0.005
total_time: 496.98777294158936
average_epoch_time: 4.96987373828888
