train_loss: 0.42390892085756443
train_mse: 0.42390891909599304
train_mae: 0.4659004509449005
train_rmse: 0.6510828733444214
train_r2: 0.6804577112197876
val_loss: 0.45539309497062974
val_mse: 0.45641371607780457
val_mae: 0.48843634128570557
val_rmse: 0.6755839586257935
val_r2: 0.6490705609321594
test_loss: 0.4254815644942797
test_mse: 0.4232819378376007
test_mae: 0.4680735468864441
test_rmse: 0.6506012082099915
test_r2: 0.6978582739830017
min_lr: 1e-05
max_lr: 0.0003
total_time: 416.0277097225189
average_epoch_time: 4.160273199081421
