train_loss: 0.48295440264912537
train_mse: 0.48295438289642334
train_mae: 0.49587157368659973
train_rmse: 0.694949209690094
train_r2: 0.6359492540359497
val_loss: 0.5074975093969932
val_mse: 0.5090081095695496
val_mae: 0.516589879989624
val_rmse: 0.7134480476379395
val_r2: 0.6086314916610718
test_loss: 0.49447618654141057
test_mse: 0.4921911060810089
test_mae: 0.5014334917068481
test_rmse: 0.7015633583068848
test_r2: 0.6486704349517822
min_lr: 1e-06
max_lr: 0.0002
total_time: 142.948805809021
average_epoch_time: 1.4294841623306274
