train_loss: 0.006703030565237069
train_accuracy: 0.9991912293314162
train_precision: 0.9991937161854549
train_recall: 0.9991912293314162
train_f1: 0.9991912559801813
val_loss: 0.09966039371316913
val_accuracy: 0.9698058950395398
val_precision: 0.9699401968410923
val_recall: 0.9698058950395398
val_f1: 0.9698096566845484
test_loss: 0.07892106176057662
test_accuracy: 0.9769949676491733
test_precision: 0.9770897089072247
test_recall: 0.9769949676491733
test_f1: 0.9769671546218858
min_lr: 1e-07
max_lr: 0.001
total_time: 162.77650618553162
average_epoch_time: 1.627758662700653
