train_loss: 0.03457635225059602
train_accuracy: 0.9898454349388929
train_precision: 0.9899423186568285
train_recall: 0.9898454349388929
train_f1: 0.9898475069251731
val_loss: 0.06558356381918368
val_accuracy: 0.9877785765636233
val_precision: 0.9879656521029668
val_recall: 0.9877785765636233
val_f1: 0.9877913818980188
test_loss: 0.055006684259875656
test_accuracy: 0.9884974838245866
test_precision: 0.9887217477342488
test_recall: 0.9884974838245866
test_f1: 0.9885237545006701
min_lr: 1e-07
max_lr: 0.006
total_time: 105.60540914535522
average_epoch_time: 1.0560498929023743
