train_loss: 0.003242686470285066
train_accuracy: 0.9991013659237958
train_precision: 0.9991058692477186
train_recall: 0.9991013659237958
train_f1: 0.9991017220821108
val_loss: 0.041732218881820285
val_accuracy: 0.9928109273903667
val_precision: 0.9928306960430495
val_recall: 0.9928109273903667
val_f1: 0.9928045923385798
test_loss: 0.033296453660361956
test_accuracy: 0.9942487419122933
test_precision: 0.994268959497097
test_recall: 0.9942487419122933
test_f1: 0.994244475845975
min_lr: 1e-07
max_lr: 0.001
total_time: 307.35147190093994
average_epoch_time: 3.073508644104004
