train_loss: 0.5812561644833217
train_mse: 0.5812562108039856
train_mae: 0.5519468784332275
train_rmse: 0.7624015808105469
train_r2: 0.5618494749069214
val_loss: 0.5913294008144966
val_mse: 0.593000054359436
val_mae: 0.5581235885620117
val_rmse: 0.7700649499893188
val_r2: 0.5440514087677002
test_loss: 0.5900999614825615
test_mse: 0.5900009870529175
test_mae: 0.5573748350143433
test_rmse: 0.768115222454071
test_r2: 0.5788530111312866
min_lr: 1e-05
max_lr: 0.004
total_time: 543.186012506485
average_epoch_time: 5.4318564510345455
