train_loss: 0.012946776104404987
train_accuracy: 0.9969446441409058
train_precision: 0.9969546838994071
train_recall: 0.9969446441409058
train_f1: 0.9969414688841042
val_loss: 0.015346776215830521
val_accuracy: 0.9971243709561467
val_precision: 0.9971461560246607
val_recall: 0.9971243709561467
val_f1: 0.9971248569662329
test_loss: 0.12225513361666819
test_accuracy: 0.9971243709561467
test_precision: 0.9971377681449016
test_recall: 0.9971243709561467
test_f1: 0.9971231728658086
min_lr: 0.0001
max_lr: 0.001
total_time: 603.3158400058746
average_epoch_time: 6.0331535506248475
