train_loss: 0.8483993953397108
train_mse: 0.8483994007110596
train_mae: 0.7087315320968628
train_rmse: 0.9210860133171082
train_r2: 0.36047714948654175
val_loss: 0.8637384400917933
val_mse: 0.8668332099914551
val_mae: 0.714478611946106
val_rmse: 0.9310387969017029
val_r2: 0.3335053324699402
test_loss: 0.9371983697781197
test_mse: 0.9368001818656921
test_mae: 0.7422834634780884
test_rmse: 0.967884361743927
test_r2: 0.33130526542663574
min_lr: 2e-05
max_lr: 0.01
total_time: 317.1564521789551
average_epoch_time: 3.1715612387657166
