train_loss: 0.00858196070194758
train_accuracy: 0.9979331416247305
train_precision: 0.9979431922564522
train_recall: 0.9979331416247305
train_f1: 0.997930529296188
val_loss: 0.019228252773493958
val_accuracy: 0.9978432782171099
val_precision: 0.9978551916732488
val_recall: 0.9978432782171099
val_f1: 0.997836491992185
test_loss: 0.035894704953947934
test_accuracy: 0.99568655643422
test_precision: 0.9956952780155278
test_recall: 0.99568655643422
test_f1: 0.9956801322004072
min_lr: 1e-07
max_lr: 0.0006
total_time: 479.42869877815247
average_epoch_time: 4.794281747341156
