train_loss: 0.5613592766918415
train_mse: 0.5613593459129333
train_mae: 0.5379763245582581
train_rmse: 0.7492392063140869
train_r2: 0.5768476724624634
val_loss: 0.5903562013919537
val_mse: 0.5924183130264282
val_mae: 0.5509324073791504
val_rmse: 0.7696871757507324
val_r2: 0.5444987416267395
test_loss: 0.5715847955300257
test_mse: 0.5714390277862549
test_mae: 0.5435346961021423
test_rmse: 0.7559358477592468
test_r2: 0.5921026468276978
min_lr: 2e-06
max_lr: 0.001
total_time: 169.82007122039795
average_epoch_time: 1.698197317123413
