train_loss: 0.1245165780834297
train_accuracy: 0.9666606757728253
train_precision: 0.9669264058032264
train_recall: 0.9666606757728253
train_f1: 0.9665967593395438
val_loss: 0.14776898171244698
val_accuracy: 0.9618979151689432
val_precision: 0.9627484382425857
val_recall: 0.9618979151689432
val_f1: 0.9619593002072633
test_loss: 0.10851567729630253
test_accuracy: 0.9726815240833933
test_precision: 0.973081757121987
test_recall: 0.9726815240833933
test_f1: 0.9727470501392572
min_lr: 1e-05
max_lr: 0.015
total_time: 352.34038949012756
average_epoch_time: 3.5233984088897703
