train_loss: 0.3350743956921637
train_mse: 0.33507436513900757
train_mae: 0.40087127685546875
train_rmse: 0.5788561105728149
train_r2: 0.747421145439148
val_loss: 0.3413931204722478
val_mse: 0.3425196707248688
val_mae: 0.4055088758468628
val_rmse: 0.5852518081665039
val_r2: 0.7366418838500977
test_loss: 0.3198932387507879
test_mse: 0.3205554783344269
test_mae: 0.3999561369419098
test_rmse: 0.566176176071167
test_r2: 0.7711851596832275
min_lr: 3e-05
max_lr: 0.03
total_time: 358.8816385269165
average_epoch_time: 3.588811423778534
