train_loss: 0.00752029050955772
train_accuracy: 0.9974838245866283
train_precision: 0.9974939911853546
train_recall: 0.9974838245866283
train_f1: 0.9974808373366861
val_loss: 0.014978972513786588
val_accuracy: 0.9978432782171099
val_precision: 0.997857486350477
val_recall: 0.9978432782171099
val_f1: 0.9978419590820179
test_loss: 0.04662671637457937
test_accuracy: 0.99568655643422
test_precision: 0.9957021508212041
test_recall: 0.99568655643422
test_f1: 0.9956849017106262
min_lr: 1e-05
max_lr: 0.002
total_time: 264.53807258605957
average_epoch_time: 2.645375995635986
