train_loss: 0.7925668598492016
train_mse: 0.7925668954849243
train_mae: 0.6905271410942078
train_rmse: 0.890262246131897
train_r2: 0.40256357192993164
val_loss: 0.8066330859294304
val_mse: 0.8087069392204285
val_mae: 0.7013166546821594
val_rmse: 0.8992813229560852
val_r2: 0.37819772958755493
test_loss: 0.8646821718949538
test_mse: 0.8655210733413696
test_mae: 0.7248291373252869
test_rmse: 0.9303338527679443
test_r2: 0.3821847438812256
min_lr: 1e-05
max_lr: 0.001
total_time: 380.9327208995819
average_epoch_time: 3.8093233203887937
