train_loss: 0.3612224486216094
train_mse: 0.36122241616249084
train_mae: 0.424101859331131
train_rmse: 0.6010178327560425
train_r2: 0.7277107834815979
val_loss: 0.364114877055673
val_mse: 0.37248045206069946
val_mae: 0.4308831989765167
val_rmse: 0.61031174659729
val_r2: 0.713605523109436
test_loss: 0.3381040289121516
test_mse: 0.33694571256637573
test_mae: 0.4131678342819214
test_rmse: 0.5804702639579773
test_r2: 0.7594857215881348
min_lr: 1e-05
max_lr: 0.02
total_time: 64.09595775604248
average_epoch_time: 0.6409561157226562
