train_loss: 0.2757372591615647
train_mse: 0.27573728561401367
train_mae: 0.35719361901283264
train_rmse: 0.5251069068908691
train_r2: 0.7921494245529175
val_loss: 0.28678471901837516
val_mse: 0.2914794683456421
val_mae: 0.3666643500328064
val_rmse: 0.5398883819580078
val_r2: 0.7758859395980835
test_loss: 0.26528629748260274
test_mse: 0.27204275131225586
test_mae: 0.35858651995658875
test_rmse: 0.5215771794319153
test_r2: 0.8058139085769653
min_lr: 1e-07
max_lr: 0.02
total_time: 77.20144176483154
average_epoch_time: 0.7720104789733887
