train_loss: 0.28269933871636094
train_mse: 0.2826993763446808
train_mae: 0.36328771710395813
train_rmse: 0.5316948294639587
train_r2: 0.7869013547897339
val_loss: 0.2969334716980274
val_mse: 0.29776445031166077
val_mae: 0.37099626660346985
val_rmse: 0.5456779599189758
val_r2: 0.7710535526275635
test_loss: 0.27656627755898694
test_mse: 0.2775900065898895
test_mae: 0.3599611818790436
test_rmse: 0.5268681049346924
test_r2: 0.8018542528152466
min_lr: 1e-05
max_lr: 0.01
total_time: 425.46736335754395
average_epoch_time: 4.254668769836425
