train_loss: 0.2789774173509705
train_mse: 0.2789774537086487
train_mae: 0.3586741089820862
train_rmse: 0.5281831622123718
train_r2: 0.7897070050239563
val_loss: 0.2836479536615885
val_mse: 0.2842516005039215
val_mae: 0.3613719940185547
val_rmse: 0.5331525206565857
val_r2: 0.7814433574676514
test_loss: 0.27794575943396643
test_mse: 0.2786719501018524
test_mae: 0.3608320355415344
test_rmse: 0.5278939008712769
test_r2: 0.8010819554328918
min_lr: 5e-05
max_lr: 0.01
total_time: 362.64243626594543
average_epoch_time: 3.626419425010681
