train_loss: 0.41372794025512627
train_mse: 0.4137279689311981
train_mae: 0.45713287591934204
train_rmse: 0.6432169079780579
train_r2: 0.6881321668624878
val_loss: 0.44368028480273025
val_mse: 0.44465741515159607
val_mae: 0.4810737371444702
val_rmse: 0.6668263673782349
val_r2: 0.6581097841262817
test_loss: 0.4303754650629484
test_mse: 0.42838728427886963
test_mae: 0.4680287539958954
test_rmse: 0.6545130014419556
test_r2: 0.6942140460014343
min_lr: 2e-05
max_lr: 0.001
total_time: 394.11141896247864
average_epoch_time: 3.9411107993125913
