train_loss: 0.034979615708740815
train_accuracy: 0.99137311286844
train_precision: 0.991411324339639
train_recall: 0.99137311286844
train_f1: 0.9913740714561606
val_loss: 0.03835875751577656
val_accuracy: 0.9906542056074766
val_precision: 0.990721003322208
val_recall: 0.9906542056074766
val_f1: 0.9906649163135456
test_loss: 0.04488942082653838
test_accuracy: 0.99137311286844
test_precision: 0.991436390748411
test_recall: 0.99137311286844
test_f1: 0.9913705233966156
min_lr: 1e-05
max_lr: 0.008
total_time: 444.4096200466156
average_epoch_time: 4.444091913700103
