train_loss: 0.281954124714284
train_mse: 0.2819541394710541
train_mae: 0.36156073212623596
train_rmse: 0.5309935212135315
train_r2: 0.7874631285667419
val_loss: 0.288109135054625
val_mse: 0.28867584466934204
val_mae: 0.36289992928504944
val_rmse: 0.5372856259346008
val_r2: 0.7780416011810303
test_loss: 0.27544494970486716
test_mse: 0.2767791152000427
test_mae: 0.36454278230667114
test_rmse: 0.5260980129241943
test_r2: 0.8024330735206604
min_lr: 1e-05
max_lr: 0.01
total_time: 520.3859071731567
average_epoch_time: 5.203854477405548
