train_loss: 0.8517191285031965
train_accuracy: 0.692667145938174
train_precision: 0.6979621199424875
train_recall: 0.692667145938174
train_f1: 0.6939661059066358
val_loss: 0.8346126770431345
val_accuracy: 0.6901509705248023
val_precision: 0.6987176352801415
val_recall: 0.6901509705248023
val_f1: 0.6926894468231845
test_loss: 0.8015081652186133
test_accuracy: 0.7225017972681524
test_precision: 0.7320321462097475
test_recall: 0.7225017972681524
test_f1: 0.7252113248822967
min_lr: 1e-07
max_lr: 0.0001
total_time: 88.55115604400635
average_epoch_time: 0.8855066156387329
