train_loss: 0.2543871380793032
train_mse: 0.25438714027404785
train_mae: 0.3473028540611267
train_rmse: 0.5043680667877197
train_r2: 0.8082431554794312
val_loss: 0.3264353809987797
val_mse: 0.33378684520721436
val_mae: 0.39043891429901123
val_rmse: 0.577742874622345
val_r2: 0.743356466293335
test_loss: 0.3584972400875652
test_mse: 0.3278302252292633
test_mae: 0.385550856590271
test_rmse: 0.5725646018981934
test_r2: 0.7659924030303955
min_lr: 1e-06
max_lr: 0.001
total_time: 72.26896476745605
average_epoch_time: 0.7226860308647156
