train_loss: 0.3065283911865811
train_mse: 0.30652838945388794
train_mae: 0.38343629240989685
train_rmse: 0.5536500811576843
train_r2: 0.7689390778541565
val_loss: 0.3041315850089578
val_mse: 0.31228315830230713
val_mae: 0.38866326212882996
val_rmse: 0.5588229894638062
val_r2: 0.7598903179168701
test_loss: 0.293573243653073
test_mse: 0.3018990457057953
test_mae: 0.3837616741657257
test_rmse: 0.5494533777236938
test_r2: 0.7845022678375244
min_lr: 1e-07
max_lr: 0.002
total_time: 71.33810353279114
average_epoch_time: 0.7133775973320007
