train_loss: 0.1832551227390081
train_accuracy: 0.9495866283249461
train_precision: 0.9504267824080315
train_recall: 0.9495866283249461
train_f1: 0.9496226789308481
val_loss: 0.19243721189824017
val_accuracy: 0.9583033788641265
val_precision: 0.9590827461875054
val_recall: 0.9583033788641265
val_f1: 0.9584945994811309
test_loss: 0.1616548743437637
test_accuracy: 0.9460819554277499
test_precision: 0.9468199759287788
test_recall: 0.9460819554277499
test_f1: 0.9459363520146479
min_lr: 1e-07
max_lr: 0.0001
total_time: 240.41576170921326
average_epoch_time: 2.4041527247428895
