train_loss: 0.00686297496510121
train_accuracy: 0.9976635514018691
train_precision: 0.9976721151836508
train_recall: 0.9976635514018691
train_f1: 0.9976616245073873
val_loss: 0.015523144755372248
val_accuracy: 0.9964054636951833
val_precision: 0.9964343561423
val_recall: 0.9964054636951833
val_f1: 0.9964013392287213
test_loss: 0.017780095508648876
test_accuracy: 0.9971243709561467
test_precision: 0.9971416653255765
test_recall: 0.9971243709561467
test_f1: 0.9971241520628432
min_lr: 1e-05
max_lr: 0.01
total_time: 345.35425901412964
average_epoch_time: 3.453537449836731
