train_loss: 0.22239057904528092
train_mse: 0.2223905622959137
train_mae: 0.3197287619113922
train_rmse: 0.4715830385684967
train_r2: 0.8323621153831482
val_loss: 0.24364451949413007
val_mse: 0.2441578358411789
val_mae: 0.33012181520462036
val_rmse: 0.49412330985069275
val_r2: 0.8122708201408386
test_loss: 0.2514196795912889
test_mse: 0.2514982223510742
test_mae: 0.33746960759162903
test_rmse: 0.5014959573745728
test_r2: 0.8204787373542786
min_lr: 1e-05
max_lr: 0.004
total_time: 658.8453769683838
average_epoch_time: 6.588448905944825
