train_loss: 0.5573186705740847
train_mse: 0.5573186874389648
train_mae: 0.5399339199066162
train_rmse: 0.7465378046035767
train_r2: 0.5798935294151306
val_loss: 0.5785621654528837
val_mse: 0.5801735520362854
val_mae: 0.5546531677246094
val_rmse: 0.7616912722587585
val_r2: 0.5539134740829468
test_loss: 0.5707849559875635
test_mse: 0.5706842541694641
test_mae: 0.5448793172836304
test_rmse: 0.7554364800453186
test_r2: 0.5926414132118225
min_lr: 1e-07
max_lr: 0.001
total_time: 125.22994565963745
average_epoch_time: 1.252295413017273
