train_loss: 0.009868402699501677
train_accuracy: 0.9979331416247305
train_precision: 0.9979390986469371
train_recall: 0.9979331416247305
train_f1: 0.9979308766786426
val_loss: 0.01935826256984993
val_accuracy: 0.9971243709561467
val_precision: 0.9971411932977353
val_recall: 0.9971243709561467
val_f1: 0.9971226524473324
test_loss: 0.03347273814341117
test_accuracy: 0.99568655643422
test_precision: 0.9956987811741473
test_recall: 0.99568655643422
test_f1: 0.9956840534761549
min_lr: 1e-07
max_lr: 0.0001
total_time: 90.81666088104248
average_epoch_time: 0.908162088394165
