train_loss: 0.22579114203309192
train_accuracy: 0.9272106398274622
train_precision: 0.9267546364515094
train_recall: 0.9272106398274622
train_f1: 0.9266438067177216
val_loss: 0.24727635449645194
val_accuracy: 0.9259525521207764
val_precision: 0.9266225367249764
val_recall: 0.9259525521207764
val_f1: 0.9256870212973706
test_loss: 0.27918855994093145
test_accuracy: 0.910136592379583
test_precision: 0.9091827463847169
test_recall: 0.910136592379583
test_f1: 0.9087892647349314
min_lr: 1e-06
max_lr: 0.007
total_time: 102.77183985710144
average_epoch_time: 1.0277143597602845
