train_loss: 0.36327318162765615
train_mse: 0.36327317357063293
train_mae: 0.42423439025878906
train_rmse: 0.6027214527130127
train_r2: 0.7261648774147034
val_loss: 0.4016279073861929
val_mse: 0.40287819504737854
val_mae: 0.450967013835907
val_rmse: 0.634726881980896
val_r2: 0.6902331709861755
test_loss: 0.3983513116836548
test_mse: 0.3969776928424835
test_mae: 0.44837507605552673
test_rmse: 0.630061686038971
test_r2: 0.7166344523429871
min_lr: 1e-07
max_lr: 0.001
total_time: 195.2967917919159
average_epoch_time: 1.9529627776145935
