train_loss: 0.9136784739157026
train_mse: 0.9136785268783569
train_mae: 0.7356919646263123
train_rmse: 0.9558653235435486
train_r2: 0.31126970052719116
val_loss: 0.9258188972106347
val_mse: 0.9293419122695923
val_mae: 0.7420994639396667
val_rmse: 0.9640238285064697
val_r2: 0.28544336557388306
test_loss: 1.0000561870061435
test_mse: 0.9989449977874756
test_mae: 0.7692053914070129
test_rmse: 0.9994723796844482
test_r2: 0.28694581985473633
min_lr: 2e-05
max_lr: 0.01
total_time: 308.49970602989197
average_epoch_time: 3.0849934244155883
