train_loss: 0.315415451115416
train_mse: 0.31541547179222107
train_mae: 0.38616010546684265
train_rmse: 0.5616186261177063
train_r2: 0.7622400522232056
val_loss: 0.32082778685368024
val_mse: 0.3217369616031647
val_mae: 0.39136192202568054
val_rmse: 0.5672186017036438
val_r2: 0.7526214122772217
test_loss: 0.29759521793860655
test_mse: 0.29868581891059875
test_mae: 0.3806353509426117
test_rmse: 0.5465215444564819
test_r2: 0.7867958545684814
min_lr: 1e-05
max_lr: 0.02
total_time: 1062.5195586681366
average_epoch_time: 10.625190603733063
