train_loss: 0.058354188457944954
train_accuracy: 0.9858914450035945
train_precision: 0.9859686233021389
train_recall: 0.9858914450035945
train_f1: 0.9859027704639911
val_loss: 0.07890536982185123
val_accuracy: 0.9834651329978433
val_precision: 0.9836490057290571
val_recall: 0.9834651329978433
val_f1: 0.9834803890271044
test_loss: 0.06137516717849807
test_accuracy: 0.9884974838245866
test_precision: 0.9885245791302537
test_recall: 0.9884974838245866
test_f1: 0.9885026526641401
min_lr: 1e-07
max_lr: 0.02
total_time: 135.54423213005066
average_epoch_time: 1.3554380464553832
