train_loss: 0.3344358654851599
train_mse: 0.3344358503818512
train_mae: 0.40020331740379333
train_rmse: 0.5783042907714844
train_r2: 0.7479024529457092
val_loss: 0.33240579252059643
val_mse: 0.33351606130599976
val_mae: 0.4024397134780884
val_rmse: 0.5775085091590881
val_r2: 0.7435646653175354
test_loss: 0.3175863564014435
test_mse: 0.3184944689273834
test_mae: 0.4008554220199585
test_rmse: 0.5643531680107117
test_r2: 0.7726563215255737
min_lr: 2e-05
max_lr: 0.03
total_time: 360.38517212867737
average_epoch_time: 3.6038465809822084
