train_loss: 0.017123896808886364
train_accuracy: 0.9959561466570812
train_precision: 0.995964736870245
train_recall: 0.9959561466570812
train_f1: 0.9959525306360226
val_loss: 0.017594011240858395
val_accuracy: 0.9949676491732566
val_precision: 0.9949956243213408
val_recall: 0.9949676491732566
val_f1: 0.9949616673591842
test_loss: 0.04164809411800392
test_accuracy: 0.9964054636951833
test_precision: 0.9964197570817759
test_recall: 0.9964054636951833
test_f1: 0.9964034823771503
min_lr: 1e-05
max_lr: 0.004
total_time: 131.85880088806152
average_epoch_time: 1.3185838437080384
