train_loss: 0.16598203105466633
train_accuracy: 0.9595614665708123
train_precision: 0.9607413251911429
train_recall: 0.9595614665708123
train_f1: 0.9595864330478844
val_loss: 0.8070518862117421
val_accuracy: 0.9604601006470166
val_precision: 0.9624600951830363
val_recall: 0.9604601006470166
val_f1: 0.9604817060347753
test_loss: 0.134971708313308
test_accuracy: 0.9669302659956865
test_precision: 0.9682160413670059
test_recall: 0.9669302659956865
test_f1: 0.9669937688208277
min_lr: 1e-07
max_lr: 0.004
total_time: 73.42269134521484
average_epoch_time: 0.7342235970497132
