train_loss: 1.2086747927569794
train_accuracy: 0.46531272465851903
train_precision: 0.3581229854112877
train_recall: 0.46531272465851903
train_f1: 0.37535109838709735
val_loss: 1.2377730689265511
val_accuracy: 0.4464414090582315
val_precision: 0.3455758655684212
val_recall: 0.4464414090582315
val_f1: 0.3614141467840415
test_loss: 1.1802484040910548
test_accuracy: 0.4852624011502516
test_precision: 0.37556181342149486
test_recall: 0.4852624011502516
test_f1: 0.3947077764948524
min_lr: 1e-07
max_lr: 0.0001
total_time: 241.93041706085205
average_epoch_time: 2.419299201965332
