train_loss: 0.29912951421137
train_mse: 0.29912951588630676
train_mae: 0.3732241094112396
train_rmse: 0.5469273328781128
train_r2: 0.7745163440704346
val_loss: 0.3061221182346344
val_mse: 0.3070000410079956
val_mae: 0.3807235658168793
val_rmse: 0.5540758371353149
val_r2: 0.7639524340629578
test_loss: 0.28388761614377683
test_mse: 0.28504204750061035
test_mae: 0.367394357919693
test_rmse: 0.5338932871818542
test_r2: 0.7965348958969116
min_lr: 1e-05
max_lr: 0.02
total_time: 505.3223488330841
average_epoch_time: 5.053219065666199
