train_loss: 0.29010213636418525
train_accuracy: 0.917235801581596
train_precision: 0.9203958179446058
train_recall: 0.917235801581596
train_f1: 0.9162793978916004
val_loss: 0.7862767920914021
val_accuracy: 0.9209202012940331
val_precision: 0.924039202405224
val_recall: 0.9209202012940331
val_f1: 0.9202087694080472
test_loss: 0.2406908351589333
test_accuracy: 0.9302659956865564
test_precision: 0.9328248597636828
test_recall: 0.9302659956865564
test_f1: 0.9294925649647768
min_lr: 0.0001
max_lr: 0.003
total_time: 287.6098036766052
average_epoch_time: 2.8760930275917054
