train_loss: 0.014832413697358684
train_accuracy: 0.996135873472322
train_precision: 0.9961885504159808
train_recall: 0.996135873472322
train_f1: 0.9961433795480571
val_loss: 0.2603608906237324
val_accuracy: 0.9468008626887131
val_precision: 0.947723997747523
val_recall: 0.9468008626887131
val_f1: 0.946974669302298
test_loss: 0.2453978362345052
test_accuracy: 0.9424874191229331
test_precision: 0.943414771151039
test_recall: 0.9424874191229331
test_f1: 0.9426747668553963
min_lr: 1e-07
max_lr: 0.0004
total_time: 132.92264676094055
average_epoch_time: 1.329219980239868
