train_loss: 0.42494519020634136
train_accuracy: 0.8444464414090582
train_precision: 0.855154917096064
train_recall: 0.8444464414090582
train_f1: 0.8458983164433779
val_loss: 0.43240514143624087
val_accuracy: 0.8439971243709562
val_precision: 0.8598155371157058
val_recall: 0.8439971243709562
val_f1: 0.8465856718012115
test_loss: 0.4057375534691594
test_accuracy: 0.8490294751976994
test_precision: 0.8569556007505421
test_recall: 0.8490294751976994
test_f1: 0.8487513919648243
min_lr: 0.001
max_lr: 0.2
total_time: 235.53520822525024
average_epoch_time: 2.3553476977348327
