train_loss: 0.23992222164894722
train_mse: 0.23992224037647247
train_mae: 0.33930641412734985
train_rmse: 0.4898185729980469
train_r2: 0.8191467523574829
val_loss: 0.2682329659278576
val_mse: 0.2687009572982788
val_mae: 0.3532419204711914
val_rmse: 0.5183637142181396
val_r2: 0.79339998960495
test_loss: 0.26259562315849155
test_mse: 0.2635820806026459
test_mae: 0.3568544089794159
test_rmse: 0.5134024620056152
test_r2: 0.8118531703948975
min_lr: 3e-05
max_lr: 0.003
total_time: 175.25535464286804
average_epoch_time: 1.752550208568573
