train_loss: 0.5603991582585398
train_mse: 0.5603991150856018
train_mae: 0.5291286706924438
train_rmse: 0.7485980987548828
train_r2: 0.5775715112686157
val_loss: 0.5808566338740863
val_mse: 0.582551121711731
val_mae: 0.544307291507721
val_rmse: 0.7632503509521484
val_r2: 0.5520854592323303
test_loss: 0.5751671976768054
test_mse: 0.5748897790908813
test_mae: 0.5362477898597717
test_rmse: 0.7582148909568787
test_r2: 0.5896395444869995
min_lr: 1e-07
max_lr: 0.0002
total_time: 212.1060085296631
average_epoch_time: 2.1210545539855956
