train_loss: 0.2193325095684214
train_accuracy: 0.9936196980589503
train_precision: 0.9937638840639821
train_recall: 0.9936196980589503
train_f1: 0.993644309936629
val_loss: 0.2277647384696386
val_accuracy: 0.9899352983465133
val_precision: 0.9900048382045635
val_recall: 0.9899352983465133
val_f1: 0.989940805633025
test_loss: 0.22309452083639122
test_accuracy: 0.9920920201294033
test_precision: 0.99217425429156
test_recall: 0.9920920201294033
test_f1: 0.992106017598355
min_lr: 1e-07
max_lr: 2e-05
total_time: 237.5510058403015
average_epoch_time: 2.3755040049552916
