train_loss: 0.2779726304778064
train_mse: 0.27797263860702515
train_mae: 0.3597007691860199
train_rmse: 0.5272310972213745
train_r2: 0.7904644012451172
val_loss: 0.2872331518393296
val_mse: 0.287969708442688
val_mae: 0.36711108684539795
val_rmse: 0.5366280674934387
val_r2: 0.7785845398902893
test_loss: 0.2727931128098415
test_mse: 0.2739744186401367
test_mae: 0.3609682619571686
test_rmse: 0.5234256386756897
test_r2: 0.8044350743293762
min_lr: 1e-05
max_lr: 0.01
total_time: 572.4882349967957
average_epoch_time: 5.724877991676331
