train_loss: 0.45597565820676156
train_accuracy: 0.831236520488857
train_precision: 0.8359526829517722
train_recall: 0.831236520488857
train_f1: 0.8303246876489715
val_loss: 0.48639160191470926
val_accuracy: 0.8231488138030194
val_precision: 0.8307405150305259
val_recall: 0.8231488138030194
val_f1: 0.8234724583873476
test_loss: 0.4443099640987136
test_accuracy: 0.8389647735442128
test_precision: 0.8423372582234584
test_recall: 0.8389647735442128
test_f1: 0.8382186155179077
min_lr: 0.001
max_lr: 0.02
total_time: 339.54856872558594
average_epoch_time: 3.3954826402664184
