train_loss: 0.29147943322972736
train_mse: 0.2914794087409973
train_mae: 0.3709286153316498
train_rmse: 0.539888322353363
train_r2: 0.7802829742431641
val_loss: 0.2972393579342786
val_mse: 0.3018966317176819
val_mae: 0.37785178422927856
val_rmse: 0.5494512319564819
val_r2: 0.767876386642456
test_loss: 0.26938959167284127
test_mse: 0.27454689145088196
test_mae: 0.36695683002471924
test_rmse: 0.52397221326828
test_r2: 0.8040264248847961
min_lr: 1e-06
max_lr: 0.01
total_time: 76.88338971138
average_epoch_time: 0.768829927444458
