train_loss: 0.4604968220832967
train_mse: 0.46049684286117554
train_mae: 0.4835682809352875
train_rmse: 0.6785991787910461
train_r2: 0.6528778076171875
val_loss: 0.4775933678333576
val_mse: 0.4783649146556854
val_mae: 0.4999706745147705
val_rmse: 0.6916393041610718
val_r2: 0.6321926116943359
test_loss: 0.45073491426614615
test_mse: 0.44958674907684326
test_mae: 0.4766935110092163
test_rmse: 0.670512318611145
test_r2: 0.6790817379951477
min_lr: 5e-06
max_lr: 0.003
total_time: 453.4649453163147
average_epoch_time: 4.534646120071411
