train_loss: 0.012913439032494896
train_accuracy: 0.9964953271028038
train_precision: 0.9965211473366965
train_recall: 0.9964953271028038
train_f1: 0.9964968400307862
val_loss: 0.029331302184966098
val_accuracy: 0.99568655643422
val_precision: 0.9957040107361017
val_recall: 0.99568655643422
val_f1: 0.9956870009668186
test_loss: 0.044185154846921
test_accuracy: 0.9935298346513299
test_precision: 0.9935849407822138
test_recall: 0.9935298346513299
test_f1: 0.9935253538479729
min_lr: 8e-05
max_lr: 0.002
total_time: 334.50669384002686
average_epoch_time: 3.345063157081604
