train_loss: 0.004208158093833531
train_accuracy: 0.9988317757009346
train_precision: 0.9988327853423601
train_recall: 0.9988317757009346
train_f1: 0.9988318399436371
val_loss: 0.0932408600823361
val_accuracy: 0.9791516894320632
val_precision: 0.9793571311570747
val_recall: 0.9791516894320632
val_f1: 0.9791610790089145
test_loss: 0.07037771646123887
test_accuracy: 0.9849029475197699
test_precision: 0.9849772816637963
test_recall: 0.9849029475197699
test_f1: 0.9849227972776431
min_lr: 1e-07
max_lr: 0.001
total_time: 139.38622760772705
average_epoch_time: 1.3938570713996887
