train_loss: 0.3092028714658678
train_mse: 0.3092028796672821
train_mae: 0.38282686471939087
train_rmse: 0.5560601353645325
train_r2: 0.7669230699539185
val_loss: 0.31480159829644594
val_mse: 0.3198370635509491
val_mae: 0.3860161006450653
val_rmse: 0.5655413866043091
val_r2: 0.754082202911377
test_loss: 0.29959717743537007
test_mse: 0.3027324378490448
test_mae: 0.3814857006072998
test_rmse: 0.5502112507820129
test_r2: 0.783907413482666
min_lr: 0.001
max_lr: 0.01
total_time: 64.15154075622559
average_epoch_time: 0.6415112829208374
