train_loss: 1.768734728810431
train_accuracy: 0.20740474478792237
train_precision: 0.04301672816054321
train_recall: 0.20740474478792237
train_f1: 0.07125486022187032
val_loss: 1.7496804486621509
val_accuracy: 0.23436376707404744
val_precision: 0.05492637531713836
val_recall: 0.23436376707404744
val_f1: 0.08899544329195046
test_loss: 1.7675001919269562
test_accuracy: 0.20992092020129402
test_precision: 0.044066792738158056
test_recall: 0.20992092020129402
test_f1: 0.07284243457965284
min_lr: 1e-07
max_lr: 0.1
total_time: 115.55169939994812
average_epoch_time: 1.1555129766464234
