train_loss: 0.00908097815913306
train_accuracy: 0.996764917325665
train_precision: 0.9967775701320662
train_recall: 0.996764917325665
train_f1: 0.9967616560545105
val_loss: 0.02639848736970407
val_accuracy: 0.9949676491732566
val_precision: 0.9950104533612777
val_recall: 0.9949676491732566
val_f1: 0.9949675535534527
test_loss: 0.05877143162857382
test_accuracy: 0.99568655643422
test_precision: 0.9957028427970906
test_recall: 0.99568655643422
test_f1: 0.9956841617492032
min_lr: 1e-05
max_lr: 0.003
total_time: 484.74568819999695
average_epoch_time: 4.847452101707458
