train_loss: 0.007038527356404494
train_accuracy: 0.9978432782171099
train_precision: 0.9978512970432115
train_recall: 0.9978432782171099
train_f1: 0.9978415655438481
val_loss: 0.015056157013339217
val_accuracy: 0.9964054636951833
val_precision: 0.996431428457075
val_recall: 0.9964054636951833
val_f1: 0.996405863751913
test_loss: 0.04930306816205694
test_accuracy: 0.9949676491732566
test_precision: 0.994984482293062
test_recall: 0.9949676491732566
test_f1: 0.9949674578141016
min_lr: 1e-05
max_lr: 0.001
total_time: 474.8919794559479
average_epoch_time: 4.7489150357246395
