train_loss: 0.00740104625345374
train_accuracy: 0.9979331416247305
train_precision: 0.9979442002216367
train_recall: 0.9979331416247305
train_f1: 0.9979316916654626
val_loss: 0.020232641350627422
val_accuracy: 0.9964054636951833
val_precision: 0.996417792866391
val_recall: 0.9964054636951833
val_f1: 0.996403672488699
test_loss: 0.0345328646444407
test_accuracy: 0.99568655643422
test_precision: 0.9957022652218848
test_recall: 0.99568655643422
test_f1: 0.9956865160045275
min_lr: 1e-06
max_lr: 0.003
total_time: 137.07059288024902
average_epoch_time: 1.3707008290290832
