train_loss: 0.016984567719066097
train_accuracy: 0.9952372393961179
train_precision: 0.99526556835407
train_recall: 0.9952372393961179
train_f1: 0.9952352378177681
val_loss: 0.02578668520172042
val_accuracy: 0.9920920201294033
val_precision: 0.9921825815496833
val_recall: 0.9920920201294033
val_f1: 0.9920877493872498
test_loss: 0.025698687735712156
test_accuracy: 0.99137311286844
test_precision: 0.9914308638753552
test_recall: 0.99137311286844
test_f1: 0.9913762224871143
min_lr: 0.0001
max_lr: 0.002
total_time: 404.84898352622986
average_epoch_time: 4.048485515117645
