train_loss: 0.578333390371282
train_mse: 0.5783333778381348
train_mae: 0.5490545034408569
train_rmse: 0.7604823112487793
train_r2: 0.5640527009963989
val_loss: 0.6074065130490524
val_mse: 0.6086786389350891
val_mae: 0.5650065541267395
val_rmse: 0.7801786065101624
val_r2: 0.5319963693618774
test_loss: 0.581824668783408
test_mse: 0.5806452035903931
test_mae: 0.5503992438316345
test_rmse: 0.7620007991790771
test_r2: 0.5855312347412109
min_lr: 8e-06
max_lr: 0.01
total_time: 482.757657289505
average_epoch_time: 4.827573375701904
