train_loss: 0.10816504128930297
train_accuracy: 0.9744787922358016
train_precision: 0.9744941441558327
train_recall: 0.9744787922358016
train_f1: 0.9743703400443177
val_loss: 0.10923749919642102
val_accuracy: 0.9705248023005032
val_precision: 0.9706986614616879
val_recall: 0.9705248023005032
val_f1: 0.9705046559870089
test_loss: 0.10555750205689533
test_accuracy: 0.9755571531272466
test_precision: 0.9756587986533265
test_recall: 0.9755571531272466
test_f1: 0.975488314707022
min_lr: 0.002
max_lr: 0.03
total_time: 241.42099714279175
average_epoch_time: 2.414206528663635
