train_loss: 0.16760807368875474
train_mse: 0.1676080822944641
train_mae: 0.28777724504470825
train_rmse: 0.4093996584415436
train_r2: 0.8736571073532104
val_loss: 0.22060627621762893
val_mse: 0.22443054616451263
val_mae: 0.31848323345184326
val_rmse: 0.4737410247325897
val_r2: 0.8274388313293457
test_loss: 0.24119293426766114
test_mse: 0.24293851852416992
test_mae: 0.3316325843334198
test_rmse: 0.492887943983078
test_r2: 0.8265887498855591
min_lr: 5e-05
max_lr: 0.002
total_time: 191.656742811203
average_epoch_time: 1.916562738418579
