train_loss: 0.045462512724628756
train_accuracy: 0.9873292595255212
train_precision: 0.9875309316137995
train_recall: 0.9873292595255212
train_f1: 0.9873150381740203
val_loss: 0.04986185847453519
val_accuracy: 0.98705966930266
val_precision: 0.987381656340319
val_recall: 0.98705966930266
val_f1: 0.987097533476763
test_loss: 0.045473975679752504
test_accuracy: 0.9863407620416966
test_precision: 0.9866070499938885
test_recall: 0.9863407620416966
test_f1: 0.9862880230601588
min_lr: 1e-07
max_lr: 0.01
total_time: 95.05599403381348
average_epoch_time: 0.9505551838874817
