train_loss: 0.2738451907598926
train_mse: 0.27384519577026367
train_mae: 0.35360094904899597
train_rmse: 0.5233021974563599
train_r2: 0.793575644493103
val_loss: 0.28616224447121985
val_mse: 0.28676190972328186
val_mae: 0.36165764927864075
val_rmse: 0.5355015397071838
val_r2: 0.7795131802558899
test_loss: 0.28496810186367766
test_mse: 0.2858888506889343
test_mae: 0.3625442683696747
test_rmse: 0.5346857309341431
test_r2: 0.7959304451942444
min_lr: 8e-06
max_lr: 0.005
total_time: 514.2951347827911
average_epoch_time: 5.142947058677674
