train_loss: 0.25146980352642
train_mse: 0.25146982073783875
train_mae: 0.3244190216064453
train_rmse: 0.5014676451683044
train_r2: 0.8104422092437744
val_loss: 0.24333518918822794
val_mse: 0.24725838005542755
val_mae: 0.33829763531684875
val_rmse: 0.49725082516670227
val_r2: 0.8098868131637573
test_loss: 1.7561732013435924
test_mse: 1.8372706174850464
test_mae: 0.3795524835586548
test_rmse: 1.3554595708847046
test_r2: -0.3114570379257202
min_lr: 3e-05
max_lr: 0.004
total_time: 203.29093170166016
average_epoch_time: 2.0329051923751833
