train_loss: 0.34068986876257534
train_accuracy: 0.8448957584471604
train_precision: 0.7672449710750484
train_recall: 0.8448957584471604
train_f1: 0.7957568188345409
val_loss: 0.3740196265280247
val_accuracy: 0.8598130841121495
val_precision: 0.7881301931618269
val_recall: 0.8598130841121495
val_f1: 0.8158374102665441
test_loss: 0.32585555145686323
test_accuracy: 0.8569374550682962
test_precision: 0.780480046954337
test_recall: 0.8569374550682962
test_f1: 0.8094067895056972
min_lr: 1e-07
max_lr: 0.0001
total_time: 597.1642889976501
average_epoch_time: 5.971637954711914
