train_loss: 0.28168137090699386
train_mse: 0.2816813588142395
train_mae: 0.3592989444732666
train_rmse: 0.5307366251945496
train_r2: 0.787668764591217
val_loss: 0.2937517382777654
val_mse: 0.29450926184654236
val_mae: 0.36661964654922485
val_rmse: 0.5426870584487915
val_r2: 0.7735563516616821
test_loss: 0.2823065173167449
test_mse: 0.28274574875831604
test_mae: 0.3603232502937317
test_rmse: 0.5317384004592896
test_r2: 0.7981740236282349
min_lr: 1e-07
max_lr: 0.001
total_time: 170.68343472480774
average_epoch_time: 1.7068309807777404
