train_loss: 0.44753495104206625
train_mse: 0.4475349485874176
train_mae: 0.4779702425003052
train_rmse: 0.6689805388450623
train_r2: 0.6626484394073486
val_loss: 0.4661823460688958
val_mse: 0.46665048599243164
val_mae: 0.49688059091567993
val_rmse: 0.6831182241439819
val_r2: 0.6411996483802795
test_loss: 0.44385884908529427
test_mse: 0.4421123266220093
test_mae: 0.477156400680542
test_rmse: 0.6649152636528015
test_r2: 0.6844170093536377
min_lr: 5e-06
max_lr: 0.01
total_time: 123.4918577671051
average_epoch_time: 1.2349132513999939
