train_loss: 0.40320058871609293
train_mse: 0.40320056676864624
train_mae: 0.4443567395210266
train_rmse: 0.6349807381629944
train_r2: 0.6960676908493042
val_loss: 0.41691601013436036
val_mse: 0.42798343300819397
val_mae: 0.4660140872001648
val_rmse: 0.6542044281959534
val_r2: 0.6709301471710205
test_loss: 0.4259995204560897
test_mse: 0.40284404158592224
test_mae: 0.4479564130306244
test_rmse: 0.6346999406814575
test_r2: 0.7124470472335815
min_lr: 1e-07
max_lr: 0.0002
total_time: 67.78759670257568
average_epoch_time: 0.6778723335266114
