train_loss: 0.4317469585311505
train_mse: 0.4317469596862793
train_mae: 0.45736101269721985
train_rmse: 0.6570745706558228
train_r2: 0.674549400806427
val_loss: 0.4509400295860627
val_mse: 0.4620211124420166
val_mae: 0.4837127923965454
val_rmse: 0.6797213554382324
val_r2: 0.6447591185569763
test_loss: 0.4363291316172656
test_mse: 0.42941269278526306
test_mae: 0.4617879390716553
test_rmse: 0.6552959084510803
test_r2: 0.6934821009635925
min_lr: 1e-07
max_lr: 0.0002
total_time: 66.71039891242981
average_epoch_time: 0.6670997071266175
