train_loss: 0.4142226776931175
train_mse: 0.41422268748283386
train_mae: 0.4462329149246216
train_rmse: 0.6436013579368591
train_r2: 0.6877591609954834
val_loss: 0.42201188573470483
val_mse: 0.4233855903148651
val_mae: 0.45607373118400574
val_rmse: 0.6506808400154114
val_r2: 0.6744653582572937
test_loss: 0.40544134584756997
test_mse: 0.4052714705467224
test_mae: 0.4483723044395447
test_rmse: 0.6366093754768372
test_r2: 0.7107142806053162
min_lr: 5e-05
max_lr: 0.06
total_time: 312.08474802970886
average_epoch_time: 3.120843868255615
