train_loss: 0.5867303384597912
train_mse: 0.5867303609848022
train_mae: 0.5584813952445984
train_rmse: 0.7659832835197449
train_r2: 0.5577230453491211
val_loss: 0.6008322151807638
val_mse: 0.602751612663269
val_mae: 0.5659894943237305
val_rmse: 0.7763708233833313
val_r2: 0.5365536212921143
test_loss: 0.5931171765694252
test_mse: 0.5938210487365723
test_mae: 0.5615872144699097
test_rmse: 0.7705978751182556
test_r2: 0.576126217842102
min_lr: 2e-05
max_lr: 0.02
total_time: 378.87054562568665
average_epoch_time: 3.788701422214508
