train_loss: 0.3009544371143561
train_mse: 0.3009544610977173
train_mae: 0.3734722137451172
train_rmse: 0.5485931634902954
train_r2: 0.7731407284736633
val_loss: 0.3075060521180813
val_mse: 0.30839425325393677
val_mae: 0.37860703468322754
val_rmse: 0.5553325414657593
val_r2: 0.7628804445266724
test_loss: 0.29157761702170737
test_mse: 0.29246917366981506
test_mae: 0.36968857049942017
test_rmse: 0.5408042073249817
test_r2: 0.7912333607673645
min_lr: 3e-05
max_lr: 0.02
total_time: 427.6425805091858
average_epoch_time: 4.276421201229096
