train_loss: 0.13135041697378988
train_accuracy: 0.9725017972681524
train_precision: 0.9730285878070929
train_recall: 0.9725017972681524
train_f1: 0.9726316682897725
val_loss: 1.4742290487682277
val_accuracy: 0.9690869877785766
val_precision: 0.9696638898621933
val_recall: 0.9690869877785766
val_f1: 0.9692266364186372
test_loss: 0.11466531768779863
test_accuracy: 0.9813084112149533
test_precision: 0.981493677835405
test_recall: 0.9813084112149533
test_f1: 0.981353929032311
min_lr: 1e-07
max_lr: 0.004
total_time: 142.99606013298035
average_epoch_time: 1.4299574732780456
