train_loss: 0.01574293892554124
train_accuracy: 0.994608195542775
train_precision: 0.9946453704951346
train_recall: 0.994608195542775
train_f1: 0.994609485305365
val_loss: 0.026679092354077675
val_accuracy: 0.9928109273903667
val_precision: 0.9928208066865785
val_recall: 0.9928109273903667
val_f1: 0.9928092257850786
test_loss: 0.024890390780538754
test_accuracy: 0.9964054636951833
test_precision: 0.9964149337274936
test_recall: 0.9964054636951833
test_f1: 0.9964061643093217
min_lr: 0.0001
max_lr: 0.003
total_time: 436.2308917045593
average_epoch_time: 4.362304887771606
