train_loss: 0.5448857799692209
train_mse: 0.5448858141899109
train_mae: 0.5372079014778137
train_rmse: 0.7381638288497925
train_r2: 0.5892654657363892
val_loss: 0.5774422095372127
val_mse: 0.5789430737495422
val_mae: 0.5546198487281799
val_rmse: 0.760883092880249
val_r2: 0.5548596382141113
test_loss: 0.5601011246442795
test_mse: 0.5594846606254578
test_mae: 0.5424932241439819
test_rmse: 0.7479870915412903
test_r2: 0.6006357669830322
min_lr: 1e-05
max_lr: 0.0005
total_time: 417.36399364471436
average_epoch_time: 4.173635628223419
