train_loss: 0.08945349943904399
train_accuracy: 0.9680086268871315
train_precision: 0.9680703915757762
train_recall: 0.9680086268871315
train_f1: 0.968031270471595
val_loss: 0.11353076236661185
val_accuracy: 0.9669302659956865
val_precision: 0.9676617824022306
val_recall: 0.9669302659956865
val_f1: 0.967163342842235
test_loss: 0.11551821372598749
test_accuracy: 0.9604601006470166
test_precision: 0.9603073475412987
test_recall: 0.9604601006470166
test_f1: 0.9603581375923711
min_lr: 1e-07
max_lr: 0.001
total_time: 263.21202516555786
average_epoch_time: 2.6321146726608275
