train_loss: 0.18646187598044558
train_mse: 0.18646186590194702
train_mae: 0.2929631769657135
train_rmse: 0.4318123161792755
train_r2: 0.8594451546669006
val_loss: 0.2313530343083235
val_mse: 0.23185141384601593
val_mae: 0.31708386540412903
val_rmse: 0.4815095067024231
val_r2: 0.8217329978942871
test_loss: 0.24405230455673657
test_mse: 0.24219921231269836
test_mae: 0.329051673412323
test_rmse: 0.4921374022960663
test_r2: 0.8271164298057556
min_lr: 8e-06
max_lr: 0.002
total_time: 653.1027960777283
average_epoch_time: 6.531023190021515
