train_loss: 0.014040982815782919
train_accuracy: 0.9957764198418404
train_precision: 0.9957838943018609
train_recall: 0.9957764198418404
train_f1: 0.9957775730514522
val_loss: 0.042283252007936506
val_accuracy: 0.9884974838245866
val_precision: 0.9886010047473096
val_recall: 0.9884974838245866
val_f1: 0.9885222399541019
test_loss: 0.030217863416923632
test_accuracy: 0.9906542056074766
test_precision: 0.9907246441560148
test_recall: 0.9906542056074766
test_f1: 0.9906510588956402
min_lr: 0.0001
max_lr: 0.01
total_time: 236.3716390132904
average_epoch_time: 2.3637126421928407
