train_loss: 1.3280389188796051
train_mse: 1.3280390501022339
train_mae: 0.9041150212287903
train_rmse: 1.1524057388305664
train_r2: -0.0010749101638793945
val_loss: 1.296565440067878
val_mse: 1.3006031513214111
val_mae: 0.8879795074462891
val_rmse: 1.1404398679733276
val_r2: -1.3589859008789062e-05
test_loss: 1.406450769534478
test_mse: 1.4028135538101196
test_mae: 0.933599054813385
test_rmse: 1.1844042539596558
test_r2: -0.0013384819030761719
min_lr: 1e-05
max_lr: 0.01
total_time: 312.10628294944763
average_epoch_time: 3.1210591053962706
