train_loss: 1.32358567399341
train_mse: 1.3235856294631958
train_mae: 0.904133677482605
train_rmse: 1.1504719257354736
train_r2: 0.00228196382522583
val_loss: 1.2894219636917115
val_mse: 1.2930411100387573
val_mae: 0.887400209903717
val_rmse: 1.1371196508407593
val_r2: 0.00580066442489624
test_loss: 1.4065312550618099
test_mse: 1.4028949737548828
test_mae: 0.934712827205658
test_rmse: 1.184438705444336
test_r2: -0.0013966560363769531
min_lr: 2e-05
max_lr: 0.01
total_time: 315.86190390586853
average_epoch_time: 3.158615384101868
