train_loss: 1.3280235892811487
train_mse: 1.3280235528945923
train_mae: 0.9041497707366943
train_rmse: 1.1523990631103516
train_r2: -0.001063227653503418
val_loss: 1.2965656940753643
val_mse: 1.3006017208099365
val_mae: 0.8880208134651184
val_rmse: 1.1404392719268799
val_r2: -1.2516975402832031e-05
test_loss: 1.406431866609133
test_mse: 1.4027957916259766
test_mae: 0.9336336255073547
test_rmse: 1.1843968629837036
test_r2: -0.001325845718383789
min_lr: 8e-05
max_lr: 0.02
total_time: 374.72186374664307
average_epoch_time: 3.7472142601013183
