train_loss: 0.3280401051535394
train_mse: 0.32804009318351746
train_mae: 0.39456111192703247
train_rmse: 0.5727478265762329
train_r2: 0.7527235746383667
val_loss: 0.33688405328072035
val_mse: 0.33787551522254944
val_mae: 0.39908695220947266
val_rmse: 0.5812705755233765
val_r2: 0.7402127385139465
test_loss: 0.2957863409931843
test_mse: 0.29657721519470215
test_mae: 0.3839050233364105
test_rmse: 0.5445890426635742
test_r2: 0.7883010506629944
min_lr: 6e-05
max_lr: 0.03
total_time: 364.7249948978424
average_epoch_time: 3.6472448992729185
