train_loss: 0.2116631206135726
train_accuracy: 0.9325125808770669
train_precision: 0.9399194152781277
train_recall: 0.9325125808770669
train_f1: 0.9341612085666563
val_loss: 0.31136878867718304
val_accuracy: 0.9367361610352265
val_precision: 0.9443252338306548
val_recall: 0.9367361610352265
val_f1: 0.9385156530742623
test_loss: 0.20046801230108197
test_accuracy: 0.9396117900790798
test_precision: 0.9448553716861232
test_recall: 0.9396117900790798
test_f1: 0.9407105042140735
min_lr: 0.0001
max_lr: 0.01
total_time: 453.66133642196655
average_epoch_time: 4.536610028743744
