train_loss: 1.32821486047072
train_mse: 1.3282148838043213
train_mae: 0.9037395119667053
train_rmse: 1.152482032775879
train_r2: -0.001207590103149414
val_loss: 1.2965716004371644
val_mse: 1.3006277084350586
val_mae: 0.887532651424408
val_rmse: 1.1404507160186768
val_r2: -3.254413604736328e-05
test_loss: 1.4066654159472538
test_mse: 1.4030144214630127
test_mae: 0.9332273006439209
test_rmse: 1.184489130973816
test_r2: -0.0014818906784057617
min_lr: 2e-06
max_lr: 0.005
total_time: 470.39166951179504
average_epoch_time: 4.703913166522979
