train_loss: 0.5667460253245609
train_mse: 0.5667459964752197
train_mae: 0.5431929230690002
train_rmse: 0.7528253197669983
train_r2: 0.5727871656417847
val_loss: 0.59028639289049
val_mse: 0.5922977328300476
val_mae: 0.5548232793807983
val_rmse: 0.7696087956428528
val_r2: 0.5445914268493652
test_loss: 0.5815046741412236
test_mse: 0.5801443457603455
test_mae: 0.5519333481788635
test_rmse: 0.7616720795631409
test_r2: 0.5858887434005737
min_lr: 1e-05
max_lr: 0.001
total_time: 411.8142759799957
average_epoch_time: 4.118139064311981
