train_loss: 0.43750670404974806
train_mse: 0.43750667572021484
train_mae: 0.4652489125728607
train_rmse: 0.6614428758621216
train_r2: 0.6702077388763428
val_loss: 0.4894325838639186
val_mse: 0.49060264229774475
val_mae: 0.5042946338653564
val_rmse: 0.7004303336143494
val_r2: 0.6227831840515137
test_loss: 0.5009231409201256
test_mse: 0.49944546818733215
test_mae: 0.490962415933609
test_rmse: 0.7067145705223083
test_r2: 0.6434922218322754
min_lr: 1e-06
max_lr: 0.001
total_time: 158.09616780281067
average_epoch_time: 1.5809583473205566
