train_loss: 0.08142576742871803
train_accuracy: 0.9795111430625449
train_precision: 0.9796981927259057
train_recall: 0.9795111430625449
train_f1: 0.9795308256254095
val_loss: 0.10570522236891768
val_accuracy: 0.9755571531272466
val_precision: 0.9762819263637168
val_recall: 0.9755571531272466
val_f1: 0.975668816533772
test_loss: 0.05920127929526974
test_accuracy: 0.98705966930266
test_precision: 0.9872220781955517
test_recall: 0.98705966930266
test_f1: 0.9870992247985466
min_lr: 0.0001
max_lr: 0.006
total_time: 476.0736577510834
average_epoch_time: 4.760730710029602
