train_loss: 0.44719956735827665
train_mse: 0.4471995532512665
train_mae: 0.4724123775959015
train_rmse: 0.6687297821044922
train_r2: 0.6629012823104858
val_loss: 0.48626201909322003
val_mse: 0.4874361753463745
val_mae: 0.498587965965271
val_rmse: 0.6981663107872009
val_r2: 0.625217854976654
test_loss: 0.4525836055095379
test_mse: 0.45002803206443787
test_mae: 0.474627822637558
test_rmse: 0.6708412766456604
test_r2: 0.6787667274475098
min_lr: 2e-06
max_lr: 0.002
total_time: 531.9851138591766
average_epoch_time: 5.31984806060791
