train_loss: 0.6461064641096795
train_mse: 0.646106481552124
train_mae: 0.5793889760971069
train_rmse: 0.8038074970245361
train_r2: 0.5129653811454773
val_loss: 0.6407833695411682
val_mse: 0.6428813338279724
val_mae: 0.5782167315483093
val_rmse: 0.8017988204956055
val_r2: 0.5056984424591064
test_loss: 0.6602402700827672
test_mse: 0.6591758131980896
test_mae: 0.5888611674308777
test_rmse: 0.8118964433670044
test_r2: 0.5294755697250366
min_lr: 1e-05
max_lr: 0.02
total_time: 309.6362841129303
average_epoch_time: 3.0963593316078186
