train_loss: 0.5644161069058171
train_mse: 0.5644161105155945
train_mae: 0.5404400825500488
train_rmse: 0.7512763142585754
train_r2: 0.5745434761047363
val_loss: 0.5921935283220732
val_mse: 0.594039797782898
val_mae: 0.5548139214515686
val_rmse: 0.7707397937774658
val_r2: 0.5432519912719727
test_loss: 0.5780874052873024
test_mse: 0.5769380331039429
test_mae: 0.5444806218147278
test_rmse: 0.7595643997192383
test_r2: 0.5881774425506592
min_lr: 1e-05
max_lr: 0.004
total_time: 484.7827091217041
average_epoch_time: 4.847823264598847
