train_loss: 0.3151744638331408
train_mse: 0.3151744604110718
train_mae: 0.38259753584861755
train_rmse: 0.5614039897918701
train_r2: 0.7624216675758362
val_loss: 0.3230297542535342
val_mse: 0.32404911518096924
val_mae: 0.3885607421398163
val_rmse: 0.569253146648407
val_r2: 0.7508436441421509
test_loss: 0.2972473912514173
test_mse: 0.2984248995780945
test_mae: 0.37712904810905457
test_rmse: 0.5462828278541565
test_r2: 0.7869821786880493
min_lr: 2e-05
max_lr: 0.02
total_time: 368.9329299926758
average_epoch_time: 3.689324200153351
