train_loss: 0.009153251084035741
train_accuracy: 0.9971243709561467
train_precision: 0.9971349609843867
train_recall: 0.9971243709561467
train_f1: 0.9971223060038115
val_loss: 0.02074556273592779
val_accuracy: 0.99568655643422
val_precision: 0.9957104576127682
val_recall: 0.99568655643422
val_f1: 0.9956862392177211
test_loss: 0.036756838838734686
test_accuracy: 0.9935298346513299
test_precision: 0.9935790937265115
test_recall: 0.9935298346513299
test_f1: 0.9935351031899589
min_lr: 5e-05
max_lr: 0.002
total_time: 554.0436291694641
average_epoch_time: 5.540431306362152
