train_loss: 0.2864238259404205
train_mse: 0.28642383217811584
train_mae: 0.3677520751953125
train_rmse: 0.5351858139038086
train_r2: 0.7840938568115234
val_loss: 0.32252462383578806
val_mse: 0.3264228105545044
val_mae: 0.39086392521858215
val_rmse: 0.5713342428207397
val_r2: 0.7490185499191284
test_loss: 0.34085559494355144
test_mse: 0.34855008125305176
test_mae: 0.39022690057754517
test_rmse: 0.5903813242912292
test_r2: 0.7512024641036987
min_lr: 1e-06
max_lr: 0.001
total_time: 72.15568685531616
average_epoch_time: 0.7215525054931641
