train_loss: 0.11787404586700187
train_accuracy: 0.9693565780014378
train_precision: 0.969677625510817
train_recall: 0.9693565780014378
train_f1: 0.9692194792761645
val_loss: 0.10711945030330257
val_accuracy: 0.9734004313443566
val_precision: 0.9736295000727092
val_recall: 0.9734004313443566
val_f1: 0.9733208502529397
test_loss: 0.10977003888481042
test_accuracy: 0.9712437095614666
test_precision: 0.9717188446984724
test_recall: 0.9712437095614666
test_f1: 0.9710921725616732
min_lr: 0.0002
max_lr: 0.045
total_time: 199.14351058006287
average_epoch_time: 1.991431963443756
