train_loss: 0.10926318936713639
train_accuracy: 0.964234363767074
train_precision: 0.9644883345707226
train_recall: 0.964234363767074
train_f1: 0.9642822612689727
val_loss: 0.14942046439021148
val_accuracy: 0.9561466570812365
val_precision: 0.956779296632108
val_recall: 0.9561466570812365
val_f1: 0.9562548342561308
test_loss: 0.13214429730380123
test_accuracy: 0.9583033788641265
test_precision: 0.9593298205891707
test_recall: 0.9583033788641265
test_f1: 0.9585360855965482
min_lr: 1e-05
max_lr: 0.004
total_time: 115.6556568145752
average_epoch_time: 1.1565498042106628
