train_loss: 0.2149891179242684
train_mse: 0.21498912572860718
train_mae: 0.31412556767463684
train_rmse: 0.46366921067237854
train_r2: 0.8379413485527039
val_loss: 0.24385505949075406
val_mse: 0.24438565969467163
val_mae: 0.3286067247390747
val_rmse: 0.4943537712097168
val_r2: 0.8120956420898438
test_loss: 0.2429985585121008
test_mse: 0.2432248890399933
test_mae: 0.3339652121067047
test_rmse: 0.4931783676147461
test_r2: 0.8263843059539795
min_lr: 5e-06
max_lr: 0.003
total_time: 698.5961878299713
average_epoch_time: 6.985956921577453
