train_loss: 0.24719607016227566
train_accuracy: 0.9644140905823149
train_precision: 0.9664014595544073
train_recall: 0.9644140905823149
train_f1: 0.9646756169186245
val_loss: 0.1847079969857904
val_accuracy: 0.9626168224299065
val_precision: 0.9653016481257762
val_recall: 0.9626168224299065
val_f1: 0.9630162095640659
test_loss: 0.15206979468083856
test_accuracy: 0.9676491732566499
test_precision: 0.9688348861882002
test_recall: 0.9676491732566499
test_f1: 0.9677422229104969
min_lr: 0.0001
max_lr: 0.002
total_time: 465.5029001235962
average_epoch_time: 4.655024797916412
