train_loss: 0.4019934360024541
train_mse: 0.40199345350265503
train_mae: 0.44258731603622437
train_rmse: 0.6340295076370239
train_r2: 0.6969776153564453
val_loss: 0.42463826262033905
val_mse: 0.4260452687740326
val_mae: 0.4628213942050934
val_rmse: 0.6527214050292969
val_r2: 0.6724203824996948
test_loss: 0.39816514161916877
test_mse: 0.3959559202194214
test_mae: 0.4419739246368408
test_rmse: 0.6292502880096436
test_r2: 0.7173638343811035
min_lr: 5e-06
max_lr: 0.004
total_time: 476.54182958602905
average_epoch_time: 4.765414781570435
