train_loss: 0.14522293157040558
train_accuracy: 0.9530913012221424
train_precision: 0.9534088125439113
train_recall: 0.9530913012221424
train_f1: 0.9530455196353955
val_loss: 0.1329145228320902
val_accuracy: 0.9518332135154565
val_precision: 0.9527234998875951
val_recall: 0.9518332135154565
val_f1: 0.9519276297068895
test_loss: 0.12292015698569064
test_accuracy: 0.9626168224299065
test_precision: 0.9625838432221636
test_recall: 0.9626168224299065
test_f1: 0.9625296026344957
min_lr: 0.0001
max_lr: 0.007
total_time: 392.9751720428467
average_epoch_time: 3.929748525619507
