train_loss: 0.2713174273642574
train_mse: 0.2713174521923065
train_mae: 0.3541196882724762
train_rmse: 0.5208814144134521
train_r2: 0.7954810857772827
val_loss: 0.28680006575125916
val_mse: 0.2877395451068878
val_mae: 0.3620595633983612
val_rmse: 0.5364136099815369
val_r2: 0.7787615060806274
test_loss: 0.28000966895085116
test_mse: 0.28136900067329407
test_mae: 0.3625107705593109
test_rmse: 0.5304422974586487
test_r2: 0.7991567850112915
min_lr: 3e-05
max_lr: 0.01
total_time: 651.1401886940002
average_epoch_time: 6.5113966536521914
