train_loss: 0.06653275857304876
train_accuracy: 0.9806793673616103
train_precision: 0.9808492302426983
train_recall: 0.9806793673616103
train_f1: 0.9806934063246986
val_loss: 0.13313469220884144
val_accuracy: 0.9719626168224299
val_precision: 0.9727490359790911
val_recall: 0.9719626168224299
val_f1: 0.9720945793025328
test_loss: 0.06480453305200419
test_accuracy: 0.9813084112149533
test_precision: 0.9815714038721028
test_recall: 0.9813084112149533
test_f1: 0.981364605355562
min_lr: 0.0001
max_lr: 0.003
total_time: 373.90109872817993
average_epoch_time: 3.7390076541900634
