train_loss: 1.2964120100634966
train_mse: 1.2964118719100952
train_mae: 0.8869988322257996
train_rmse: 1.1386008262634277
train_r2: 0.022765517234802246
val_loss: 1.2674729824066162
val_mse: 1.2715835571289062
val_mae: 0.8712794780731201
val_rmse: 1.1276451349258423
val_r2: 0.022299110889434814
test_loss: 1.379353912977072
test_mse: 1.375536322593689
test_mae: 0.9198281764984131
test_rmse: 1.1728326082229614
test_r2: 0.01813220977783203
min_lr: 3e-06
max_lr: 0.005
total_time: 526.4254298210144
average_epoch_time: 5.264250729084015
