train_loss: 0.25000979778782806
train_mse: 0.25000977516174316
train_mae: 0.3442201018333435
train_rmse: 0.5000097751617432
train_r2: 0.8115427494049072
val_loss: 0.27370082231668325
val_mse: 0.27431991696357727
val_mae: 0.35628166794776917
val_rmse: 0.5237556099891663
val_r2: 0.7890796661376953
test_loss: 0.26268032353657944
test_mse: 0.263262540102005
test_mae: 0.35328420996665955
test_rmse: 0.5130911469459534
test_r2: 0.8120812773704529
min_lr: 1e-05
max_lr: 0.006
total_time: 701.416784286499
average_epoch_time: 7.0141632676124575
