train_loss: 0.2844108072824256
train_mse: 0.2844107747077942
train_mae: 0.355449378490448
train_rmse: 0.5333017706871033
train_r2: 0.7856113314628601
val_loss: 0.2856959605446229
val_mse: 0.2867855131626129
val_mae: 0.3589669466018677
val_rmse: 0.5355235934257507
val_r2: 0.7794950604438782
test_loss: 0.2802835027758892
test_mse: 0.2815335988998413
test_mae: 0.35806989669799805
test_rmse: 0.5305973887443542
test_r2: 0.7990392446517944
min_lr: 0.0001
max_lr: 0.01
total_time: 365.7874448299408
average_epoch_time: 3.657869510650635
