train_loss: 0.5425938920572747
train_mse: 0.5425938963890076
train_mae: 0.5352786779403687
train_rmse: 0.7366097569465637
train_r2: 0.5909930467605591
val_loss: 0.5655270906595083
val_mse: 0.5661830902099609
val_mae: 0.5544479489326477
val_rmse: 0.7524513602256775
val_r2: 0.5646705627441406
test_loss: 0.5757958829402924
test_mse: 0.574081540107727
test_mae: 0.5501240491867065
test_rmse: 0.757681667804718
test_r2: 0.5902163982391357
min_lr: 5e-06
max_lr: 0.005
total_time: 474.58324813842773
average_epoch_time: 4.745829205513001
