train_loss: 0.48561407608348267
train_mse: 0.4856140613555908
train_mae: 0.5346421599388123
train_rmse: 0.696860134601593
train_r2: 0.6339444518089294
val_loss: 0.5013240438241225
val_mse: 0.5031421184539795
val_mae: 0.5464851260185242
val_rmse: 0.7093251347541809
val_r2: 0.6131417751312256
test_loss: 0.4916517988993571
test_mse: 0.4909249246120453
test_mae: 0.5414557456970215
test_rmse: 0.7006603479385376
test_r2: 0.6495742201805115
min_lr: 2e-05
max_lr: 0.02
total_time: 613.9267063140869
average_epoch_time: 6.1392629528045655
