train_loss: 0.46352627258314644
train_mse: 0.46352624893188477
train_mae: 0.4863922595977783
train_rmse: 0.6808276176452637
train_r2: 0.6505942344665527
val_loss: 0.49399371170080625
val_mse: 0.4953802525997162
val_mae: 0.5048840641975403
val_rmse: 0.7038325667381287
val_r2: 0.6191097497940063
test_loss: 0.46842446487683514
test_mse: 0.4665254056453705
test_mae: 0.48846590518951416
test_rmse: 0.6830266714096069
test_r2: 0.6669907569885254
min_lr: 7e-06
max_lr: 0.005
total_time: 536.3513646125793
average_epoch_time: 5.363509759902954
