train_loss: 0.2742377788030593
train_mse: 0.2742377519607544
train_mae: 0.35798799991607666
train_rmse: 0.5236771702766418
train_r2: 0.793279767036438
val_loss: 0.2824363666085096
val_mse: 0.28323134779930115
val_mae: 0.36352983117103577
val_rmse: 0.5321948528289795
val_r2: 0.7822278141975403
test_loss: 0.2658446754400547
test_mse: 0.26682034134864807
test_mae: 0.3565140664577484
test_rmse: 0.5165465474128723
test_r2: 0.8095417022705078
min_lr: 0.0001
max_lr: 0.01
total_time: 516.0823500156403
average_epoch_time: 5.160818855762482
