train_loss: 0.4361401592893887
train_mse: 0.43614014983177185
train_mae: 0.4655405580997467
train_rmse: 0.6604090929031372
train_r2: 0.6712378263473511
val_loss: 0.4572347558461703
val_mse: 0.4574984312057495
val_mae: 0.4849392771720886
val_rmse: 0.676386296749115
val_r2: 0.6482365131378174
test_loss: 0.441236152442602
test_mse: 0.4397311508655548
test_mae: 0.46527180075645447
test_rmse: 0.663122296333313
test_r2: 0.6861166954040527
min_lr: 5e-06
max_lr: 0.004
total_time: 171.60761046409607
average_epoch_time: 1.716071982383728
