train_loss: 0.40701919160205724
train_mse: 0.4070191979408264
train_mae: 0.4534023106098175
train_rmse: 0.637980580329895
train_r2: 0.6931891441345215
val_loss: 0.4250342816114426
val_mse: 0.426593542098999
val_mae: 0.46299871802330017
val_rmse: 0.6531412601470947
val_r2: 0.6719988584518433
test_loss: 0.3988054495591384
test_mse: 0.3989933133125305
test_mae: 0.45373740792274475
test_rmse: 0.6316591501235962
test_r2: 0.7151956558227539
min_lr: 1e-06
max_lr: 0.03
total_time: 177.65138626098633
average_epoch_time: 1.776510350704193
