train_loss: 0.46304841535960056
train_mse: 0.46304842829704285
train_mae: 0.48849111795425415
train_rmse: 0.6804766058921814
train_r2: 0.6509543657302856
val_loss: 0.46516241922098045
val_mse: 0.47557926177978516
val_mae: 0.5014896988868713
val_rmse: 0.6896225214004517
val_r2: 0.6343344449996948
test_loss: 0.4431210721240324
test_mse: 0.4372867941856384
test_mae: 0.4787185788154602
test_rmse: 0.661276638507843
test_r2: 0.6878615021705627
min_lr: 5e-07
max_lr: 0.0005
total_time: 67.43611669540405
average_epoch_time: 0.6743563485145568
