train_loss: 0.010005758077808758
train_accuracy: 0.9969446441409058
train_precision: 0.9969490528203827
train_recall: 0.9969446441409058
train_f1: 0.9969429929393024
val_loss: 0.0431882290808558
val_accuracy: 0.9906542056074766
val_precision: 0.9906639816259468
val_recall: 0.9906542056074766
val_f1: 0.9906505053495158
test_loss: 0.03168213154805761
test_accuracy: 0.99568655643422
test_precision: 0.9957049114437558
test_recall: 0.99568655643422
test_f1: 0.9956846833892352
min_lr: 0.0001
max_lr: 0.003
total_time: 460.205575466156
average_epoch_time: 4.602051386833191
