train_loss: 0.008076324924195955
train_accuracy: 0.9976635514018691
train_precision: 0.9976720781519115
train_recall: 0.9976635514018691
train_f1: 0.9976599803771653
val_loss: 0.009656787813500241
val_accuracy: 0.9978432782171099
val_precision: 0.9978556073883177
val_recall: 0.9978432782171099
val_f1: 0.9978409850505217
test_loss: 0.042796060522463944
test_accuracy: 0.9964054636951833
test_precision: 0.9964229225068816
test_recall: 0.9964054636951833
test_f1: 0.9964043738778935
min_lr: 1e-07
max_lr: 0.002
total_time: 107.8275990486145
average_epoch_time: 1.0782707834243774
