train_loss: 0.4747158359851717
train_mse: 0.47471582889556885
train_mae: 0.48557499051094055
train_rmse: 0.6889962553977966
train_r2: 0.6421595215797424
val_loss: 0.4989875866816594
val_mse: 0.5000868439674377
val_mae: 0.5088812708854675
val_rmse: 0.7071681618690491
val_r2: 0.6154909729957581
test_loss: 0.47243834069141977
test_mse: 0.47050726413726807
test_mae: 0.483364075422287
test_rmse: 0.6859353184700012
test_r2: 0.6641484498977661
min_lr: 1e-07
max_lr: 0.005
total_time: 163.55248308181763
average_epoch_time: 1.6355185556411742
