train_loss: 0.08034226816848734
train_accuracy: 0.9801401869158879
train_precision: 0.9802796707713539
train_recall: 0.9801401869158879
train_f1: 0.9801360237840203
val_loss: 0.17986962377009066
val_accuracy: 0.9748382458662832
val_precision: 0.9750594426557321
val_recall: 0.9748382458662832
val_f1: 0.9748499331442476
test_loss: 0.07935090772595933
test_accuracy: 0.98274622573688
test_precision: 0.9830044252766544
test_recall: 0.98274622573688
test_f1: 0.9827401164045405
min_lr: 1e-07
max_lr: 0.005
total_time: 129.4662036895752
average_epoch_time: 1.2946579933166504
