train_loss: 0.2658004242089368
train_mse: 0.265800416469574
train_mae: 0.3473091423511505
train_rmse: 0.5155583620071411
train_r2: 0.7996398210525513
val_loss: 0.2789975317085491
val_mse: 0.28490298986434937
val_mae: 0.35578393936157227
val_rmse: 0.53376305103302
val_r2: 0.7809424996376038
test_loss: 0.2593098817502751
test_mse: 0.26815536618232727
test_mae: 0.3522231876850128
test_rmse: 0.5178372263908386
test_r2: 0.8085887432098389
min_lr: 1e-06
max_lr: 0.01
total_time: 71.35097122192383
average_epoch_time: 0.7135065078735352
