train_loss: 0.2879425682300745
train_mse: 0.2879425883293152
train_mae: 0.36585888266563416
train_rmse: 0.536602795124054
train_r2: 0.7829490900039673
val_loss: 0.3010103834026
val_mse: 0.30433356761932373
val_mae: 0.37280797958374023
val_rmse: 0.5516643524169922
val_r2: 0.7660026550292969
test_loss: 0.30199842330287485
test_mse: 0.3081554174423218
test_mae: 0.37903502583503723
test_rmse: 0.5551174879074097
test_r2: 0.780036449432373
min_lr: 1e-07
max_lr: 0.01
total_time: 73.54273676872253
average_epoch_time: 0.7354223871231079
