train_loss: 0.005215060744418203
train_accuracy: 0.9985621854780733
train_precision: 0.9985670236844775
train_recall: 0.9985621854780733
train_f1: 0.9985627925317256
val_loss: 0.006850345415180279
val_accuracy: 0.9992810927390366
val_precision: 0.9992835297128027
val_recall: 0.9992810927390366
val_f1: 0.9992806235765155
test_loss: 0.048933824678794154
test_accuracy: 0.9949676491732566
test_precision: 0.994997151713158
test_recall: 0.9949676491732566
test_f1: 0.9949704858583557
min_lr: 1e-07
max_lr: 0.0007
total_time: 117.2498140335083
average_epoch_time: 1.1724937391281127
