train_loss: 0.026275466013336475
train_accuracy: 0.9905643421998562
train_precision: 0.9905633555107487
train_recall: 0.9905643421998562
train_f1: 0.9905543671181081
val_loss: 0.04736982212026222
val_accuracy: 0.9899352983465133
val_precision: 0.9900103655648388
val_recall: 0.9899352983465133
val_f1: 0.9899321304849654
test_loss: 0.031833558506067755
test_accuracy: 0.9906542056074766
test_precision: 0.990693689296055
test_recall: 0.9906542056074766
test_f1: 0.9906483899528853
min_lr: 3e-05
max_lr: 0.003
total_time: 436.0684814453125
average_epoch_time: 4.360681412220001
