train_loss: 0.22453261010868605
train_mse: 0.2245326191186905
train_mae: 0.32804059982299805
train_rmse: 0.47384873032569885
train_r2: 0.8307474851608276
val_loss: 0.28289256806556995
val_mse: 0.2831306755542755
val_mae: 0.36234572529792786
val_rmse: 0.532100260257721
val_r2: 0.7823051810264587
test_loss: 0.2872707772713441
test_mse: 0.2882100045681
test_mae: 0.3683602809906006
test_rmse: 0.5368519425392151
test_r2: 0.7942736148834229
min_lr: 1e-07
max_lr: 0.0001
total_time: 1063.9259686470032
average_epoch_time: 10.639255034923554
