train_loss: 0.2756418426369512
train_mse: 0.2756418287754059
train_mae: 0.3560774624347687
train_rmse: 0.5250160098075867
train_r2: 0.7922213673591614
val_loss: 0.3063018584952635
val_mse: 0.3107264041900635
val_mae: 0.3742421567440033
val_rmse: 0.5574283599853516
val_r2: 0.7610872983932495
test_loss: 0.3178181060973336
test_mse: 0.32591044902801514
test_mae: 0.3787090480327606
test_rmse: 0.5708856582641602
test_r2: 0.7673627734184265
min_lr: 1e-07
max_lr: 0.002
total_time: 78.88967728614807
average_epoch_time: 0.7888920950889587
