train_loss: 0.35997168176858
train_mse: 0.35997170209884644
train_mae: 0.4155721664428711
train_rmse: 0.5999764204025269
train_r2: 0.7286535501480103
val_loss: 0.37612174801966725
val_mse: 0.3863462805747986
val_mae: 0.43549448251724243
val_rmse: 0.6215676069259644
val_r2: 0.702944278717041
test_loss: 0.38348859373260946
test_mse: 0.3629104197025299
test_mae: 0.4199633300304413
test_rmse: 0.602420449256897
test_r2: 0.7409518957138062
min_lr: 1e-07
max_lr: 0.0005
total_time: 65.14370703697205
average_epoch_time: 0.6514335536956787
