train_loss: 0.23357803030878074
train_mse: 0.23357802629470825
train_mae: 0.32862570881843567
train_rmse: 0.4832991063594818
train_r2: 0.8239290714263916
val_loss: 0.24993153867813256
val_mse: 0.25037261843681335
val_mae: 0.3401229977607727
val_rmse: 0.5003724694252014
val_r2: 0.8074923753738403
test_loss: 0.2504186923687275
test_mse: 0.2509208023548126
test_mae: 0.34509560465812683
test_rmse: 0.5009199380874634
test_r2: 0.8208909034729004
min_lr: 8e-06
max_lr: 0.004
total_time: 705.2105627059937
average_epoch_time: 7.052101299762726
