train_loss: 0.301118521756211
train_mse: 0.30111852288246155
train_mae: 0.3729400634765625
train_rmse: 0.5487426519393921
train_r2: 0.7730170488357544
val_loss: 0.3012030826165126
val_mse: 0.3021813631057739
val_mae: 0.3746228814125061
val_rmse: 0.5497102737426758
val_r2: 0.7676573991775513
test_loss: 0.2902615596468632
test_mse: 0.29152631759643555
test_mae: 0.37133142352104187
test_rmse: 0.5399317741394043
test_r2: 0.7919064164161682
min_lr: 1e-05
max_lr: 0.01
total_time: 519.5728168487549
average_epoch_time: 5.195723531246185
