train_loss: 0.5595626398170179
train_mse: 0.559562623500824
train_mae: 0.54224693775177
train_rmse: 0.748039186000824
train_r2: 0.5782020092010498
val_loss: 0.5773979420845325
val_mse: 0.5789380669593811
val_mae: 0.5534443259239197
val_rmse: 0.7608798146247864
val_r2: 0.554863452911377
test_loss: 0.5700300503235597
test_mse: 0.568985104560852
test_mae: 0.5460734963417053
test_rmse: 0.7543110251426697
test_r2: 0.5938543081283569
min_lr: 6e-05
max_lr: 0.003
total_time: 323.59322237968445
average_epoch_time: 3.235928177833557
