train_loss: 0.282968292575936
train_mse: 0.28296828269958496
train_mae: 0.3576672673225403
train_rmse: 0.5319476127624512
train_r2: 0.7866986989974976
val_loss: 0.28404912662047604
val_mse: 0.2852213680744171
val_mae: 0.3575214147567749
val_rmse: 0.5340611934661865
val_r2: 0.7806977033615112
test_loss: 0.26280858585467703
test_mse: 0.2642051577568054
test_mae: 0.3512362241744995
test_rmse: 0.5140088796615601
test_r2: 0.8114084005355835
min_lr: 1e-05
max_lr: 0.01
total_time: 582.1863460540771
average_epoch_time: 5.821859078407288
