train_loss: 0.02389343008338795
train_accuracy: 0.9936196980589503
train_precision: 0.9937018541689255
train_recall: 0.9936196980589503
train_f1: 0.9936222657039038
val_loss: 0.03052102065571076
val_accuracy: 0.9949676491732566
val_precision: 0.9949675118255342
val_recall: 0.9949676491732566
val_f1: 0.9949616870046933
test_loss: 0.042477429677753455
test_accuracy: 0.9928109273903667
test_precision: 0.992872800781473
test_recall: 0.9928109273903667
test_f1: 0.992816821730666
min_lr: 0.0001
max_lr: 0.005
total_time: 318.3776342868805
average_epoch_time: 3.1837717366218565
