train_loss: 0.008220741192396427
train_accuracy: 0.9973939611790079
train_precision: 0.9973966758959647
train_recall: 0.9973939611790079
train_f1: 0.997392511303212
val_loss: 0.02423074421345849
val_accuracy: 0.9942487419122933
val_precision: 0.9942756194488737
val_recall: 0.9942487419122933
val_f1: 0.9942470181318167
test_loss: 0.022409836475245273
test_accuracy: 0.9971243709561467
test_precision: 0.9971231353631943
test_recall: 0.9971243709561467
test_f1: 0.9971207988356753
min_lr: 0.0002
max_lr: 0.01
total_time: 273.08911633491516
average_epoch_time: 2.730886163711548
