train_loss: 0.039821965530268504
train_accuracy: 0.991822429906542
train_precision: 0.9919033142760149
train_recall: 0.991822429906542
train_f1: 0.9918209082304515
val_loss: 0.059701629893176934
val_accuracy: 0.9834651329978433
val_precision: 0.9836428632743963
val_recall: 0.9834651329978433
val_f1: 0.9834435618467029
test_loss: 0.05368556408211589
test_accuracy: 0.9892163910855499
test_precision: 0.9894423440279425
test_recall: 0.9892163910855499
test_f1: 0.989219346324371
min_lr: 1e-07
max_lr: 0.001
total_time: 295.6814420223236
average_epoch_time: 2.95680846452713
